1 2.0
2 1.0
3 2.0
4 1.0
5 2.0
6 1.0
7 1.0
8 1.0
9 2.0
10 2.0
11 2.0
12 1.0
13 2.0
14 2.0
15 1.0
16 1.0
17 2.0
18 2.0
19 1.0
20 2.0
21 2.0
22 1.0
23 2.0
24 1.0
25 2.0
26 1.0
27 1.0
28 2.0
29 2.0
30 2.0
31 1.0
32 1.0
33 1.0
34 1.0
35 1.0
36 1.0
37 1.0
38 2.0
39 1.0
40 2.0
41 2.0
42 2.0
43 2.0
44 1.0
45 1.0
46 1.0
47 1.0
48 1.0
49 2.0
50 1.0
51 1.0
52 2.0
53 1.0
54 1.0
55 2.0
56 1.0
57 2.0
58 2.0
59 2.0
60 2.0
61 1.0
62 1.0
63 1.0
64 1.0
65 1.0
66 1.0
67 1.0
68 2.0
69 1.0
70 2.0
71 2.0
72 2.0
73 2.0
74 1.0
75 1.0
76 1.0
77 2.0
78 2.0
79 1.0
80 2.0
81 1.0
82 1.0
83 2.0
84 2.0
85 2.0
86 2.0
87 2.0
88 2.0
89 2.0
90 2.0
91 1.0
92 1.0
93 2.0
94 1.0
95 2.0
96 2.0
97 1.0
98 1.0
99 2.0
100 2.0
101 2.0
102 1.0
103 2.0
104 1.0
105 2.0
106 2.0
107 2.0
108 2.0
109 2.0
110 2.0
111 1.0
112 2.0
113 2.0
114 2.0
115 2.0
116 1.0
117 1.0
118 2.0
119 2.0
120 1.0
121 2.0
122 2.0
123 2.0
124 2.0
125 2.0
126 2.0
127 1.0
128 1.0
129 1.0
130 1.0
131 2.0
132 2.0
133 1.0
134 2.0
135 2.0
136 2.0
137 1.0
138 1.0
139 2.0
140 1.0
141 1.0
142 2.0
143 1.0
144 2.0
145 2.0
146 2.0
147 1.0
148 2.0
149 1.0
150 1.0
151 1.0
152 1.0
153 1.0
154 1.0
155 1.0
156 2.0
157 2.0
158 2.0
159 1.0
160 1.0
161 2.0
162 2.0
163 1.0
164 2.0
165 1.0
166 1.0
167 1.0
168 2.0
169 2.0
170 1.0
171 2.0
172 2.0
173 2.0
174 1.0
175 2.0
176 2.0
177 1.0
178 1.0
179 2.0
180 1.0
181 2.0
182 2.0
183 1.0
184 1.0
185 2.0
186 2.0
187 2.0
188 2.0
189 1.0
190 2.0
191 2.0
192 2.0
193 1.0
194 2.0
195 1.0
196 1.0
197 2.0
198 2.0
199 1.0
200 1.0
201 1.0
202 2.0
203 1.0
204 2.0
205 2.0
206 2.0
207 1.0
208 2.0
209 1.0
210 1.0
211 1.0
212 2.0
213 1.0
214 2.0
215 2.0
216 2.0
217 2.0
218 2.0
219 2.0
220 1.0
221 2.0
222 2.0
223 1.0
224 2.0
225 1.0
226 2.0
227 2.0
228 2.0
229 1.0
230 1.0
231 2.0
232 2.0
233 2.0
234 1.0
235 2.0
236 1.0
237 1.0
238 2.0
239 1.0
240 1.0
241 1.0
242 2.0
243 1.0
244 2.0
245 2.0
246 2.0
247 2.0
248 2.0
249 1.0
250 2.0
251 1.0
252 2.0
253 2.0
254 1.0
255 1.0
256 2.0
257 2.0
258 1.0
259 1.0
260 1.0
261 2.0
262 2.0
263 2.0
264 2.0
265 2.0
266 2.0
267 2.0
268 2.0
269 1.0
270 1.0
271 2.0
272 2.0
273 1.0
274 1.0
275 1.0
276 2.0
277 2.0
278 2.0
279 1.0
280 2.0
281 2.0
282 1.0
283 2.0
284 2.0
285 2.0
286 1.0
287 1.0
288 1.0
289 2.0
290 2.0
291 2.0
292 1.0
293 1.0
294 1.0
295 1.0
296 2.0
297 2.0
298 2.0
299 2.0
300 2.0
301 1.0
302 2.0
303 1.0
304 2.0
305 1.0
306 1.0
307 1.0
308 1.0
309 1.0
310 2.0
311 2.0
312 1.0
313 2.0
314 1.0
315 1.0
316 1.0
317 2.0
318 2.0
319 1.0
320 1.0
321 2.0
322 1.0
323 1.0
324 1.0
325 2.0
326 2.0
327 1.0
328 1.0
329 1.0
330 2.0
331 1.0
332 1.0
333 1.0
334 2.0
335 2.0
336 1.0
337 2.0
338 2.0
339 1.0
340 1.0
341 1.0
342 1.0
343 1.0
344 2.0
345 2.0
346 1.0
