1 1 2.0
1 2 2.0
1 3 2.0
1 4 2.0
1 5 2.0
1 6 2.0
1 7 2.0
2 1 2.0
2 2 2.0
2 3 2.0
2 4 2.0
2 5 2.0
2 6 2.0
2 7 2.0
3 1 2.0
3 2 2.0
3 3 2.0
3 4 2.0
3 5 2.0
3 6 2.0
3 7 2.0
4 1 2.0
4 2 2.0
4 3 2.0
4 4 2.0
4 5 2.0
4 6 2.0
4 7 2.0
5 1 2.0
5 2 2.0
5 3 2.0
5 4 2.0
5 5 2.0
5 6 2.0
5 7 2.0
6 1 2.0
6 2 2.0
6 3 2.0
6 4 2.0
6 5 2.0
6 6 2.0
6 7 2.0
7 1 2.0
7 2 2.0
7 3 2.0
7 4 2.0
7 5 2.0
7 6 2.0
7 7 2.0
8 1 2.0
8 2 2.0
8 3 2.0
8 4 2.0
8 5 2.0
8 6 2.0
8 7 2.0
9 1 2.0
9 2 2.0
9 3 2.0
9 4 2.0
9 5 2.0
9 6 2.0
9 7 2.0
10 1 2.0
10 2 2.0
10 3 2.0
10 4 2.0
10 5 2.0
10 6 2.0
10 7 2.0
11 1 1.0
11 2 1.0
11 3 1.0
11 4 1.0
11 5 1.0
11 6 1.0
11 7 1.0
12 1 1.0
12 2 1.0
12 3 1.0
12 4 1.0
12 5 1.0
12 6 1.0
12 7 1.0
13 1 2.0
13 2 2.0
13 3 2.0
13 4 2.0
13 5 2.0
13 6 2.0
13 7 2.0
14 1 1.0
14 2 1.0
14 3 1.0
14 4 1.0
14 5 1.0
14 6 1.0
14 7 1.0
15 1 1.0
15 2 1.0
15 3 1.0
15 4 1.0
15 5 1.0
15 6 1.0
15 7 1.0
16 1 1.0
16 2 1.0
16 3 1.0
16 4 1.0
16 5 1.0
16 6 1.0
16 7 1.0
17 1 1.0
17 2 1.0
17 3 1.0
17 4 1.0
17 5 1.0
17 6 1.0
17 7 1.0
18 1 1.0
18 2 1.0
18 3 1.0
18 4 1.0
18 5 1.0
18 6 1.0
18 7 1.0
19 1 1.0
19 2 1.0
19 3 1.0
19 4 1.0
19 5 1.0
19 6 1.0
19 7 1.0
20 1 1.0
20 2 1.0
20 3 1.0
20 4 1.0
20 5 1.0
20 6 1.0
20 7 1.0
21 1 2.0
21 2 2.0
21 3 2.0
21 4 2.0
21 5 2.0
21 6 2.0
21 7 2.0
22 1 1.0
22 2 1.0
22 3 1.0
22 4 1.0
22 5 1.0
22 6 1.0
22 7 1.0
23 1 1.0
23 2 1.0
23 3 1.0
23 4 1.0
23 5 1.0
23 6 1.0
23 7 1.0
24 1 1.0
24 2 1.0
24 3 1.0
24 4 1.0
24 5 1.0
24 6 1.0
24 7 1.0
25 1 2.0
25 2 2.0
25 3 2.0
25 4 2.0
25 5 2.0
25 6 2.0
25 7 2.0
26 1 1.0
26 2 1.0
26 3 2.0
26 4 1.0
26 5 1.0
26 6 2.0
26 7 1.0
27 1 2.0
27 2 2.0
27 3 2.0
27 4 2.0
27 5 2.0
27 6 2.0
27 7 2.0
28 1 1.0
28 2 1.0
28 3 1.0
28 4 1.0
28 5 1.0
28 6 1.0
28 7 1.0
29 1 1.0
29 2 1.0
29 3 1.0
29 4 1.0
29 5 1.0
29 6 1.0
29 7 1.0
30 1 2.0
30 2 2.0
30 3 2.0
30 4 2.0
30 5 2.0
30 6 2.0
30 7 2.0
31 1 1.0
31 2 1.0
31 3 1.0
31 4 1.0
31 5 1.0
31 6 1.0
31 7 1.0
32 1 1.0
32 2 1.0
32 3 1.0
32 4 2.0
32 5 1.0
32 6 1.0
32 7 1.0
33 1 1.0
33 2 1.0
33 3 1.0
33 4 1.0
33 5 1.0
33 6 1.0
33 7 1.0
34 1 1.0
34 2 1.0
34 3 1.0
34 4 1.0
34 5 1.0
34 6 1.0
34 7 1.0
35 1 1.0
35 2 1.0
35 3 1.0
35 4 1.0
35 5 1.0
35 6 1.0
35 7 1.0
36 1 2.0
36 2 2.0
36 3 2.0
36 4 2.0
36 5 2.0
36 6 2.0
36 7 2.0
37 1 1.0
37 2 1.0
37 3 1.0
37 4 1.0
37 5 1.0
37 6 1.0
37 7 1.0
38 1 2.0
38 2 2.0
38 3 2.0
38 4 2.0
38 5 2.0
38 6 2.0
38 7 2.0
39 1 2.0
39 2 2.0
39 3 2.0
39 4 2.0
39 5 2.0
39 6 2.0
39 7 2.0
40 1 2.0
40 2 2.0
40 3 2.0
40 4 2.0
40 5 2.0
40 6 2.0
40 7 2.0
41 1 1.0
41 2 1.0
41 3 1.0
41 4 1.0
41 5 1.0
41 6 1.0
41 7 1.0
42 1 1.0
42 2 1.0
42 3 1.0
42 4 1.0
42 5 1.0
42 6 1.0
42 7 1.0
43 1 1.0
43 2 1.0
43 3 1.0
43 4 1.0
43 5 1.0
43 6 1.0
43 7 1.0
44 1 2.0
44 2 2.0
44 3 2.0
44 4 2.0
44 5 2.0
44 6 2.0
44 7 2.0
45 1 2.0
45 2 2.0
45 3 2.0
45 4 2.0
45 5 2.0
45 6 2.0
45 7 2.0
46 1 1.0
46 2 2.0
46 3 1.0
46 4 1.0
46 5 2.0
46 6 2.0
46 7 2.0
47 1 1.0
47 2 1.0
47 3 1.0
47 4 1.0
47 5 1.0
47 6 1.0
47 7 1.0
48 1 1.0
48 2 1.0
48 3 1.0
48 4 1.0
48 5 1.0
48 6 1.0
48 7 1.0
49 1 2.0
49 2 2.0
49 3 2.0
49 4 2.0
49 5 2.0
49 6 2.0
49 7 2.0
50 1 2.0
50 2 2.0
50 3 2.0
50 4 2.0
50 5 2.0
50 6 2.0
50 7 2.0
51 1 2.0
51 2 2.0
51 3 2.0
51 4 2.0
51 5 2.0
51 6 2.0
51 7 2.0
52 1 1.0
52 2 1.0
52 3 1.0
52 4 1.0
52 5 1.0
52 6 1.0
52 7 1.0
53 1 1.0
53 2 1.0
53 3 1.0
53 4 1.0
53 5 1.0
53 6 1.0
53 7 1.0
54 1 2.0
54 2 2.0
54 3 2.0
54 4 2.0
54 5 2.0
54 6 2.0
54 7 2.0
55 1 1.0
55 2 1.0
55 3 1.0
55 4 1.0
55 5 1.0
55 6 1.0
55 7 1.0
56 1 2.0
56 2 2.0
56 3 2.0
56 4 2.0
56 5 2.0
56 6 2.0
56 7 2.0
57 1 1.0
57 2 1.0
57 3 1.0
57 4 1.0
57 5 1.0
57 6 1.0
57 7 1.0
58 1 2.0
58 2 2.0
58 3 2.0
58 4 2.0
58 5 2.0
58 6 2.0
58 7 2.0
59 1 2.0
59 2 2.0
59 3 2.0
59 4 2.0
59 5 2.0
59 6 2.0
59 7 2.0
60 1 1.0
60 2 1.0
60 3 1.0
60 4 1.0
60 5 1.0
60 6 1.0
60 7 1.0
61 1 1.0
61 2 1.0
61 3 1.0
61 4 1.0
61 5 1.0
61 6 1.0
61 7 1.0
62 1 2.0
62 2 2.0
62 3 2.0
62 4 2.0
62 5 2.0
62 6 2.0
62 7 2.0
63 1 1.0
63 2 1.0
63 3 1.0
63 4 1.0
63 5 1.0
63 6 1.0
63 7 2.0
64 1 1.0
64 2 1.0
64 3 2.0
64 4 1.0
64 5 1.0
64 6 1.0
64 7 1.0
65 1 1.0
65 2 1.0
65 3 1.0
65 4 1.0
65 5 1.0
65 6 1.0
65 7 1.0
66 1 2.0
66 2 2.0
66 3 2.0
66 4 2.0
66 5 2.0
66 6 2.0
66 7 2.0
67 1 1.0
67 2 1.0
67 3 1.0
67 4 1.0
67 5 1.0
67 6 1.0
67 7 1.0
68 1 1.0
68 2 1.0
68 3 1.0
68 4 1.0
68 5 1.0
68 6 1.0
68 7 1.0
69 1 1.0
69 2 1.0
69 3 1.0
69 4 1.0
69 5 1.0
69 6 1.0
69 7 1.0
70 1 1.0
70 2 1.0
70 3 1.0
70 4 1.0
70 5 1.0
70 6 1.0
70 7 1.0
71 1 1.0
71 2 1.0
71 3 1.0
71 4 1.0
71 5 1.0
71 6 1.0
71 7 1.0
72 1 1.0
72 2 1.0
72 3 1.0
72 4 1.0
72 5 1.0
72 6 1.0
72 7 1.0
73 1 1.0
73 2 1.0
73 3 1.0
73 4 1.0
73 5 1.0
73 6 1.0
73 7 1.0
74 1 2.0
74 2 2.0
74 3 2.0
74 4 2.0
74 5 2.0
74 6 2.0
74 7 2.0
75 1 1.0
75 2 1.0
75 3 1.0
75 4 1.0
75 5 1.0
75 6 1.0
75 7 1.0
76 1 2.0
76 2 2.0
76 3 2.0
76 4 2.0
76 5 2.0
76 6 2.0
76 7 2.0
77 1 1.0
77 2 1.0
77 3 1.0
77 4 1.0
77 5 1.0
77 6 1.0
77 7 1.0
78 1 2.0
78 2 2.0
78 3 2.0
78 4 2.0
78 5 2.0
78 6 2.0
78 7 2.0
79 1 2.0
79 2 2.0
79 3 2.0
79 4 2.0
79 5 2.0
79 6 2.0
79 7 2.0
80 1 1.0
80 2 1.0
80 3 1.0
80 4 2.0
80 5 1.0
80 6 1.0
80 7 1.0
81 1 2.0
81 2 2.0
81 3 2.0
81 4 2.0
81 5 2.0
81 6 2.0
81 7 2.0
82 1 1.0
82 2 1.0
82 3 1.0
82 4 1.0
82 5 1.0
82 6 1.0
82 7 1.0
83 1 1.0
83 2 1.0
83 3 1.0
83 4 1.0
83 5 1.0
83 6 1.0
83 7 1.0
84 1 2.0
84 2 2.0
84 3 2.0
84 4 2.0
84 5 2.0
84 6 2.0
84 7 2.0
85 1 2.0
85 2 2.0
85 3 2.0
85 4 2.0
85 5 2.0
85 6 2.0
85 7 2.0
86 1 2.0
86 2 2.0
86 3 2.0
86 4 2.0
86 5 2.0
86 6 2.0
86 7 2.0
87 1 2.0
87 2 2.0
87 3 2.0
87 4 2.0
87 5 2.0
87 6 2.0
87 7 2.0
88 1 2.0
88 2 2.0
88 3 2.0
88 4 2.0
88 5 2.0
88 6 2.0
88 7 2.0
89 1 2.0
89 2 2.0
89 3 2.0
89 4 2.0
89 5 2.0
89 6 2.0
89 7 2.0
90 1 2.0
90 2 2.0
90 3 2.0
90 4 2.0
90 5 2.0
90 6 2.0
90 7 2.0
91 1 1.0
91 2 2.0
91 3 1.0
91 4 1.0
91 5 2.0
91 6 2.0
91 7 2.0
92 1 1.0
92 2 2.0
92 3 2.0
92 4 1.0
92 5 2.0
92 6 2.0
92 7 2.0
93 1 1.0
93 2 1.0
93 3 1.0
93 4 1.0
93 5 1.0
93 6 1.0
93 7 1.0
94 1 1.0
94 2 1.0
94 3 1.0
94 4 1.0
94 5 1.0
94 6 1.0
94 7 1.0
95 1 1.0
95 2 1.0
95 3 1.0
95 4 1.0
95 5 1.0
95 6 1.0
95 7 1.0
96 1 2.0
96 2 2.0
96 3 2.0
96 4 2.0
96 5 2.0
96 6 2.0
96 7 2.0
97 1 2.0
97 2 2.0
97 3 2.0
97 4 2.0
97 5 2.0
97 6 2.0
97 7 2.0
98 1 2.0
98 2 2.0
98 3 2.0
98 4 2.0
98 5 2.0
98 6 2.0
98 7 2.0
99 1 1.0
99 2 1.0
99 3 1.0
99 4 1.0
99 5 1.0
99 6 1.0
99 7 1.0
100 1 1.0
100 2 1.0
100 3 1.0
100 4 1.0
100 5 1.0
100 6 1.0
100 7 1.0
101 1 1.0
101 2 1.0
101 3 1.0
101 4 1.0
101 5 1.0
101 6 1.0
101 7 1.0
102 1 1.0
102 2 1.0
102 3 1.0
102 4 1.0
102 5 1.0
102 6 1.0
102 7 1.0
103 1 2.0
103 2 2.0
103 3 2.0
103 4 2.0
103 5 2.0
103 6 2.0
103 7 2.0
104 1 1.0
104 2 1.0
104 3 1.0
104 4 1.0
104 5 1.0
104 6 1.0
104 7 1.0
105 1 2.0
105 2 2.0
105 3 2.0
105 4 2.0
105 5 2.0
105 6 2.0
105 7 2.0
106 1 2.0
106 2 2.0
106 3 2.0
106 4 2.0
106 5 2.0
106 6 2.0
106 7 2.0
107 1 2.0
107 2 2.0
107 3 2.0
107 4 2.0
107 5 2.0
107 6 2.0
107 7 2.0
108 1 2.0
108 2 2.0
108 3 2.0
108 4 2.0
108 5 2.0
108 6 2.0
108 7 2.0
109 1 1.0
109 2 1.0
109 3 1.0
109 4 1.0
109 5 1.0
109 6 1.0
109 7 1.0
110 1 2.0
110 2 1.0
110 3 2.0
110 4 2.0
110 5 1.0
110 6 1.0
110 7 1.0
111 1 2.0
111 2 2.0
111 3 2.0
111 4 2.0
111 5 2.0
111 6 2.0
111 7 2.0
112 1 2.0
112 2 2.0
112 3 2.0
112 4 2.0
112 5 2.0
112 6 2.0
112 7 2.0
113 1 1.0
113 2 1.0
113 3 1.0
113 4 1.0
113 5 1.0
113 6 1.0
113 7 1.0
114 1 1.0
114 2 1.0
114 3 1.0
114 4 1.0
114 5 1.0
114 6 1.0
114 7 1.0
115 1 1.0
115 2 1.0
115 3 1.0
115 4 1.0
115 5 1.0
115 6 1.0
115 7 1.0
116 1 2.0
116 2 2.0
116 3 2.0
116 4 2.0
116 5 2.0
116 6 2.0
116 7 2.0
117 1 2.0
117 2 2.0
117 3 2.0
117 4 2.0
117 5 2.0
117 6 2.0
117 7 2.0
118 1 1.0
118 2 1.0
118 3 1.0
118 4 1.0
118 5 1.0
118 6 1.0
118 7 1.0
119 1 2.0
119 2 2.0
119 3 2.0
119 4 2.0
119 5 2.0
119 6 2.0
119 7 2.0
120 1 2.0
120 2 2.0
120 3 2.0
120 4 2.0
120 5 2.0
120 6 2.0
120 7 2.0
121 1 2.0
121 2 2.0
121 3 2.0
121 4 2.0
121 5 2.0
121 6 2.0
121 7 2.0
122 1 1.0
122 2 1.0
122 3 1.0
122 4 1.0
122 5 1.0
122 6 1.0
122 7 1.0
123 1 2.0
123 2 2.0
123 3 2.0
123 4 2.0
123 5 2.0
123 6 2.0
123 7 2.0
124 1 2.0
124 2 2.0
124 3 2.0
124 4 2.0
124 5 2.0
124 6 2.0
124 7 2.0
125 1 1.0
125 2 1.0
125 3 1.0
125 4 1.0
125 5 1.0
125 6 1.0
125 7 1.0
126 1 1.0
126 2 1.0
126 3 1.0
126 4 1.0
126 5 1.0
126 6 1.0
126 7 1.0
127 1 1.0
127 2 1.0
127 3 1.0
127 4 1.0
127 5 1.0
127 6 1.0
127 7 1.0
128 1 2.0
128 2 2.0
128 3 2.0
128 4 2.0
128 5 2.0
128 6 2.0
128 7 2.0
129 1 2.0
129 2 2.0
129 3 2.0
129 4 2.0
129 5 2.0
129 6 2.0
129 7 2.0
130 1 1.0
130 2 1.0
130 3 1.0
130 4 1.0
130 5 1.0
130 6 1.0
130 7 1.0
131 1 1.0
131 2 1.0
131 3 1.0
131 4 1.0
131 5 1.0
131 6 1.0
131 7 1.0
132 1 1.0
132 2 1.0
132 3 1.0
132 4 1.0
132 5 1.0
132 6 1.0
132 7 1.0
133 1 2.0
133 2 2.0
133 3 2.0
133 4 2.0
133 5 2.0
133 6 2.0
133 7 2.0
134 1 1.0
134 2 1.0
134 3 1.0
134 4 1.0
134 5 1.0
134 6 1.0
134 7 1.0
135 1 2.0
135 2 2.0
135 3 2.0
135 4 2.0
135 5 2.0
135 6 2.0
135 7 2.0
136 1 2.0
136 2 2.0
136 3 2.0
136 4 2.0
136 5 2.0
136 6 2.0
136 7 2.0
137 1 2.0
137 2 2.0
137 3 2.0
137 4 2.0
137 5 2.0
137 6 2.0
137 7 2.0
138 1 1.0
138 2 1.0
138 3 1.0
138 4 1.0
138 5 1.0
138 6 1.0
138 7 1.0
139 1 1.0
139 2 2.0
139 3 1.0
139 4 1.0
139 5 2.0
139 6 1.0
139 7 2.0
140 1 2.0
140 2 2.0
140 3 2.0
140 4 2.0
140 5 2.0
140 6 2.0
140 7 2.0
141 1 2.0
141 2 2.0
141 3 2.0
141 4 2.0
141 5 2.0
141 6 2.0
141 7 2.0
142 1 1.0
142 2 1.0
142 3 1.0
142 4 1.0
142 5 1.0
142 6 1.0
142 7 1.0
143 1 1.0
143 2 1.0
143 3 1.0
143 4 1.0
143 5 1.0
143 6 1.0
143 7 1.0
144 1 1.0
144 2 1.0
144 3 1.0
144 4 1.0
144 5 1.0
144 6 1.0
144 7 1.0
145 1 2.0
145 2 2.0
145 3 2.0
145 4 2.0
145 5 2.0
145 6 2.0
145 7 2.0
146 1 2.0
146 2 2.0
146 3 2.0
146 4 2.0
146 5 2.0
146 6 2.0
146 7 2.0
147 1 2.0
147 2 2.0
147 3 2.0
147 4 2.0
147 5 2.0
147 6 2.0
147 7 2.0
148 1 1.0
148 2 1.0
148 3 1.0
148 4 1.0
148 5 1.0
148 6 1.0
148 7 1.0
149 1 2.0
149 2 2.0
149 3 2.0
149 4 2.0
149 5 2.0
149 6 2.0
149 7 2.0
150 1 2.0
150 2 2.0
150 3 2.0
150 4 2.0
150 5 2.0
150 6 2.0
150 7 2.0
151 1 2.0
151 2 2.0
151 3 2.0
151 4 2.0
151 5 2.0
151 6 2.0
151 7 2.0
152 1 1.0
152 2 1.0
152 3 1.0
152 4 1.0
152 5 1.0
152 6 1.0
152 7 1.0
153 1 2.0
153 2 2.0
153 3 2.0
153 4 2.0
153 5 2.0
153 6 2.0
153 7 2.0
154 1 1.0
154 2 1.0
154 3 1.0
154 4 1.0
154 5 1.0
154 6 1.0
154 7 1.0
155 1 2.0
155 2 2.0
155 3 2.0
155 4 2.0
155 5 2.0
155 6 2.0
155 7 2.0
156 1 2.0
156 2 2.0
156 3 2.0
156 4 2.0
156 5 2.0
156 6 2.0
156 7 2.0
157 1 1.0
157 2 1.0
157 3 1.0
157 4 1.0
157 5 1.0
157 6 1.0
157 7 1.0
158 1 2.0
158 2 2.0
158 3 2.0
158 4 2.0
158 5 2.0
158 6 2.0
158 7 2.0
159 1 1.0
159 2 1.0
159 3 1.0
159 4 1.0
159 5 1.0
159 6 1.0
159 7 1.0
160 1 1.0
160 2 1.0
160 3 1.0
160 4 1.0
160 5 1.0
160 6 1.0
160 7 1.0
161 1 2.0
161 2 2.0
161 3 2.0
161 4 2.0
161 5 2.0
161 6 2.0
161 7 2.0
162 1 1.0
162 2 2.0
162 3 1.0
162 4 1.0
162 5 1.0
162 6 2.0
162 7 1.0
163 1 1.0
163 2 1.0
163 3 1.0
163 4 1.0
163 5 1.0
163 6 1.0
163 7 1.0
164 1 1.0
164 2 1.0
164 3 1.0
164 4 1.0
164 5 1.0
164 6 1.0
164 7 1.0
165 1 1.0
165 2 1.0
165 3 1.0
165 4 1.0
165 5 1.0
165 6 1.0
165 7 1.0
166 1 2.0
166 2 1.0
166 3 1.0
166 4 2.0
166 5 1.0
166 6 1.0
166 7 1.0
167 1 1.0
167 2 1.0
167 3 1.0
167 4 1.0
167 5 1.0
167 6 1.0
167 7 1.0
168 1 2.0
168 2 2.0
168 3 2.0
168 4 2.0
168 5 2.0
168 6 2.0
168 7 2.0
169 1 2.0
169 2 2.0
169 3 2.0
169 4 2.0
169 5 2.0
169 6 2.0
169 7 2.0
170 1 2.0
170 2 2.0
170 3 2.0
170 4 2.0
170 5 2.0
170 6 2.0
170 7 2.0
171 1 1.0
171 2 1.0
171 3 1.0
171 4 1.0
171 5 1.0
171 6 1.0
171 7 1.0
172 1 2.0
172 2 2.0
172 3 2.0
172 4 2.0
172 5 2.0
172 6 2.0
172 7 2.0
173 1 2.0
173 2 2.0
173 3 2.0
173 4 2.0
173 5 2.0
173 6 2.0
173 7 2.0
174 1 2.0
174 2 2.0
174 3 2.0
174 4 2.0
174 5 2.0
174 6 2.0
174 7 2.0
175 1 2.0
175 2 2.0
175 3 2.0
175 4 2.0
175 5 2.0
175 6 2.0
175 7 2.0
176 1 1.0
176 2 1.0
176 3 1.0
176 4 1.0
176 5 1.0
176 6 1.0
176 7 1.0
177 1 1.0
177 2 1.0
177 3 1.0
177 4 1.0
177 5 1.0
177 6 1.0
177 7 1.0
178 1 1.0
178 2 1.0
178 3 1.0
178 4 1.0
178 5 1.0
178 6 1.0
178 7 1.0
179 1 2.0
179 2 2.0
179 3 2.0
179 4 2.0
179 5 2.0
179 6 2.0
179 7 2.0
180 1 1.0
180 2 1.0
180 3 1.0
180 4 1.0
180 5 1.0
180 6 1.0
180 7 1.0
181 1 1.0
181 2 1.0
181 3 1.0
181 4 1.0
181 5 1.0
181 6 1.0
181 7 1.0
182 1 2.0
182 2 2.0
182 3 2.0
182 4 2.0
182 5 2.0
182 6 2.0
182 7 2.0
183 1 2.0
183 2 2.0
183 3 2.0
183 4 2.0
183 5 2.0
183 6 2.0
183 7 2.0
184 1 1.0
184 2 1.0
184 3 1.0
184 4 1.0
184 5 1.0
184 6 1.0
184 7 1.0
185 1 2.0
185 2 2.0
185 3 2.0
185 4 2.0
185 5 2.0
185 6 2.0
185 7 2.0
186 1 1.0
186 2 1.0
186 3 1.0
186 4 1.0
186 5 1.0
186 6 1.0
186 7 1.0
187 1 2.0
187 2 2.0
187 3 2.0
187 4 2.0
187 5 2.0
187 6 2.0
187 7 2.0
188 1 2.0
188 2 2.0
188 3 2.0
188 4 2.0
188 5 2.0
188 6 2.0
188 7 2.0
189 1 2.0
189 2 2.0
189 3 2.0
189 4 2.0
189 5 2.0
189 6 2.0
189 7 2.0
190 1 2.0
190 2 2.0
190 3 2.0
190 4 2.0
190 5 2.0
190 6 2.0
190 7 2.0
191 1 2.0
191 2 2.0
191 3 2.0
191 4 2.0
191 5 2.0
191 6 2.0
191 7 2.0
192 1 2.0
192 2 2.0
192 3 2.0
192 4 2.0
192 5 2.0
192 6 2.0
192 7 2.0
193 1 1.0
193 2 1.0
193 3 1.0
193 4 1.0
193 5 1.0
193 6 1.0
193 7 1.0
194 1 2.0
194 2 2.0
194 3 2.0
194 4 2.0
194 5 2.0
194 6 2.0
194 7 2.0
195 1 2.0
195 2 2.0
195 3 2.0
195 4 2.0
195 5 2.0
195 6 2.0
195 7 2.0
196 1 2.0
196 2 2.0
196 3 2.0
196 4 2.0
196 5 2.0
196 6 2.0
196 7 2.0
197 1 2.0
197 2 2.0
197 3 2.0
197 4 2.0
197 5 2.0
197 6 2.0
197 7 2.0
198 1 1.0
198 2 1.0
198 3 1.0
198 4 1.0
198 5 1.0
198 6 1.0
198 7 1.0
199 1 2.0
199 2 2.0
199 3 2.0
199 4 2.0
199 5 2.0
199 6 2.0
199 7 2.0
200 1 1.0
200 2 1.0
200 3 1.0
200 4 1.0
200 5 1.0
200 6 1.0
200 7 1.0
201 1 1.0
201 2 1.0
201 3 1.0
201 4 1.0
201 5 1.0
201 6 1.0
201 7 1.0
202 1 1.0
202 2 1.0
202 3 1.0
202 4 1.0
202 5 1.0
202 6 1.0
202 7 1.0
203 1 2.0
203 2 2.0
203 3 2.0
203 4 2.0
203 5 2.0
203 6 2.0
203 7 2.0
204 1 1.0
204 2 1.0
204 3 1.0
204 4 1.0
204 5 1.0
204 6 1.0
204 7 1.0
205 1 2.0
205 2 2.0
205 3 2.0
205 4 2.0
205 5 2.0
205 6 2.0
205 7 2.0
206 1 1.0
206 2 1.0
206 3 1.0
206 4 1.0
206 5 1.0
206 6 1.0
206 7 1.0
207 1 1.0
207 2 1.0
207 3 1.0
207 4 1.0
207 5 1.0
207 6 1.0
207 7 1.0
208 1 1.0
208 2 1.0
208 3 1.0
208 4 1.0
208 5 1.0
208 6 1.0
208 7 1.0
209 1 1.0
209 2 1.0
209 3 1.0
209 4 1.0
209 5 1.0
209 6 1.0
209 7 1.0
210 1 1.0
210 2 1.0
210 3 1.0
210 4 1.0
210 5 1.0
210 6 1.0
210 7 1.0
211 1 1.0
211 2 1.0
211 3 1.0
211 4 1.0
211 5 1.0
211 6 1.0
211 7 1.0
212 1 2.0
212 2 2.0
212 3 2.0
212 4 2.0
212 5 2.0
212 6 2.0
212 7 2.0
213 1 2.0
213 2 2.0
213 3 2.0
213 4 2.0
213 5 2.0
213 6 2.0
213 7 2.0
214 1 1.0
214 2 1.0
214 3 1.0
214 4 1.0
214 5 1.0
214 6 1.0
214 7 1.0
215 1 1.0
215 2 1.0
215 3 1.0
215 4 1.0
215 5 1.0
215 6 1.0
215 7 1.0
216 1 2.0
216 2 2.0
216 3 2.0
216 4 2.0
216 5 2.0
216 6 2.0
216 7 2.0
217 1 2.0
217 2 2.0
217 3 2.0
217 4 2.0
217 5 2.0
217 6 2.0
217 7 2.0
218 1 1.0
218 2 1.0
218 3 1.0
218 4 1.0
218 5 1.0
218 6 1.0
218 7 1.0
219 1 1.0
219 2 1.0
219 3 1.0
219 4 1.0
219 5 1.0
219 6 1.0
219 7 1.0
220 1 1.0
220 2 1.0
220 3 1.0
220 4 1.0
220 5 1.0
220 6 1.0
220 7 1.0
221 1 2.0
221 2 2.0
221 3 2.0
221 4 2.0
221 5 2.0
221 6 2.0
221 7 2.0
222 1 2.0
222 2 2.0
222 3 2.0
222 4 2.0
222 5 2.0
222 6 2.0
222 7 2.0
223 1 1.0
223 2 1.0
223 3 1.0
223 4 1.0
223 5 1.0
223 6 1.0
223 7 1.0
224 1 1.0
224 2 1.0
224 3 1.0
224 4 1.0
224 5 1.0
224 6 1.0
224 7 1.0
225 1 2.0
225 2 2.0
225 3 2.0
225 4 2.0
225 5 2.0
225 6 2.0
225 7 2.0
226 1 2.0
226 2 2.0
226 3 2.0
226 4 2.0
226 5 2.0
226 6 2.0
226 7 2.0
227 1 2.0
227 2 2.0
227 3 2.0
227 4 2.0
227 5 2.0
227 6 2.0
227 7 2.0
228 1 2.0
228 2 2.0
228 3 2.0
228 4 2.0
228 5 2.0
228 6 2.0
228 7 2.0
229 1 1.0
229 2 1.0
229 3 1.0
229 4 1.0
229 5 1.0
229 6 1.0
229 7 1.0
230 1 2.0
230 2 2.0
230 3 2.0
230 4 2.0
230 5 2.0
230 6 2.0
230 7 2.0
231 1 2.0
231 2 2.0
231 3 2.0
231 4 2.0
231 5 2.0
231 6 2.0
231 7 2.0
232 1 2.0
232 2 2.0
232 3 2.0
232 4 2.0
232 5 2.0
232 6 2.0
232 7 2.0
233 1 2.0
233 2 2.0
233 3 2.0
233 4 2.0
233 5 2.0
233 6 2.0
233 7 2.0
234 1 1.0
234 2 1.0
234 3 1.0
234 4 1.0
234 5 1.0
234 6 1.0
234 7 1.0
235 1 2.0
235 2 2.0
235 3 2.0
235 4 2.0
235 5 2.0
235 6 2.0
235 7 2.0
236 1 2.0
236 2 2.0
236 3 2.0
236 4 2.0
236 5 2.0
236 6 2.0
236 7 2.0
237 1 1.0
237 2 1.0
237 3 1.0
237 4 1.0
237 5 1.0
237 6 1.0
237 7 1.0
238 1 1.0
238 2 1.0
238 3 1.0
238 4 1.0
238 5 1.0
238 6 1.0
238 7 1.0
239 1 2.0
239 2 2.0
239 3 2.0
239 4 2.0
239 5 2.0
239 6 2.0
239 7 2.0
240 1 1.0
240 2 1.0
240 3 1.0
240 4 1.0
240 5 1.0
240 6 1.0
240 7 1.0
241 1 2.0
241 2 2.0
241 3 2.0
241 4 2.0
241 5 2.0
241 6 2.0
241 7 2.0
242 1 1.0
242 2 1.0
242 3 1.0
242 4 1.0
242 5 1.0
242 6 1.0
242 7 1.0
243 1 1.0
243 2 1.0
243 3 1.0
243 4 1.0
243 5 1.0
243 6 1.0
243 7 1.0
244 1 2.0
244 2 2.0
244 3 2.0
244 4 2.0
244 5 2.0
244 6 2.0
244 7 2.0
245 1 1.0
245 2 1.0
245 3 1.0
245 4 1.0
245 5 1.0
245 6 1.0
245 7 1.0
246 1 2.0
246 2 2.0
246 3 2.0
246 4 2.0
246 5 2.0
246 6 2.0
246 7 2.0
247 1 1.0
247 2 1.0
247 3 1.0
247 4 1.0
247 5 1.0
247 6 1.0
247 7 1.0
248 1 1.0
248 2 1.0
248 3 1.0
248 4 1.0
248 5 1.0
248 6 1.0
248 7 1.0
249 1 1.0
249 2 1.0
249 3 1.0
249 4 1.0
249 5 1.0
249 6 1.0
249 7 1.0
250 1 2.0
250 2 2.0
250 3 2.0
250 4 2.0
250 5 2.0
250 6 2.0
250 7 2.0
251 1 2.0
251 2 2.0
251 3 2.0
251 4 2.0
251 5 2.0
251 6 2.0
251 7 2.0
252 1 2.0
252 2 2.0
252 3 2.0
252 4 2.0
252 5 2.0
252 6 2.0
252 7 2.0
253 1 2.0
253 2 2.0
253 3 2.0
253 4 2.0
253 5 2.0
253 6 2.0
253 7 2.0
254 1 1.0
254 2 1.0
254 3 1.0
254 4 1.0
254 5 1.0
254 6 1.0
254 7 1.0
255 1 1.0
255 2 1.0
255 3 1.0
255 4 1.0
255 5 1.0
255 6 1.0
255 7 1.0
256 1 1.0
256 2 1.0
256 3 1.0
256 4 1.0
256 5 1.0
256 6 1.0
256 7 1.0
257 1 1.0
257 2 1.0
257 3 1.0
257 4 1.0
257 5 1.0
257 6 1.0
257 7 1.0
258 1 2.0
258 2 2.0
258 3 2.0
258 4 2.0
258 5 2.0
258 6 2.0
258 7 2.0
259 1 1.0
259 2 1.0
259 3 1.0
259 4 1.0
259 5 1.0
259 6 1.0
259 7 1.0
260 1 2.0
260 2 2.0
260 3 2.0
260 4 2.0
260 5 2.0
260 6 2.0
260 7 2.0
261 1 1.0
261 2 1.0
261 3 1.0
261 4 1.0
261 5 1.0
261 6 1.0
261 7 1.0
262 1 2.0
262 2 1.0
262 3 1.0
262 4 2.0
262 5 1.0
262 6 1.0
262 7 1.0
263 1 1.0
263 2 1.0
263 3 1.0
263 4 1.0
263 5 1.0
263 6 1.0
263 7 1.0
264 1 1.0
264 2 1.0
264 3 1.0
264 4 1.0
264 5 1.0
264 6 1.0
264 7 1.0
265 1 1.0
265 2 1.0
265 3 1.0
265 4 1.0
265 5 1.0
265 6 1.0
265 7 1.0
266 1 1.0
266 2 1.0
266 3 1.0
266 4 1.0
266 5 1.0
266 6 1.0
266 7 1.0
267 1 2.0
267 2 2.0
267 3 2.0
267 4 2.0
267 5 2.0
267 6 2.0
267 7 2.0
268 1 1.0
268 2 1.0
268 3 1.0
268 4 1.0
268 5 1.0
268 6 1.0
268 7 1.0
269 1 1.0
269 2 1.0
269 3 1.0
269 4 1.0
269 5 1.0
269 6 1.0
269 7 1.0
270 1 1.0
270 2 1.0
270 3 1.0
270 4 1.0
270 5 1.0
270 6 1.0
270 7 1.0
271 1 2.0
271 2 2.0
271 3 2.0
271 4 2.0
271 5 2.0
271 6 2.0
271 7 2.0
272 1 1.0
272 2 1.0
272 3 1.0
272 4 1.0
272 5 1.0
272 6 1.0
272 7 1.0
273 1 2.0
273 2 2.0
273 3 2.0
273 4 2.0
273 5 2.0
273 6 2.0
273 7 2.0
274 1 1.0
274 2 1.0
274 3 1.0
274 4 1.0
274 5 1.0
274 6 1.0
274 7 1.0
275 1 2.0
275 2 2.0
275 3 2.0
275 4 2.0
275 5 2.0
275 6 2.0
275 7 2.0
276 1 1.0
276 2 1.0
276 3 1.0
276 4 1.0
276 5 1.0
276 6 1.0
276 7 1.0
277 1 2.0
277 2 2.0
277 3 2.0
277 4 2.0
277 5 2.0
277 6 2.0
277 7 2.0
278 1 1.0
278 2 1.0
278 3 1.0
278 4 1.0
278 5 1.0
278 6 1.0
278 7 1.0
279 1 1.0
279 2 1.0
279 3 1.0
279 4 1.0
279 5 1.0
279 6 1.0
279 7 1.0
280 1 1.0
280 2 1.0
280 3 1.0
280 4 1.0
280 5 1.0
280 6 1.0
280 7 1.0
281 1 2.0
281 2 2.0
281 3 2.0
281 4 2.0
281 5 2.0
281 6 2.0
281 7 2.0
282 1 1.0
282 2 1.0
282 3 1.0
282 4 1.0
282 5 1.0
282 6 1.0
282 7 1.0
283 1 1.0
283 2 1.0
283 3 1.0
283 4 1.0
283 5 1.0
283 6 1.0
283 7 1.0
284 1 2.0
284 2 2.0
284 3 2.0
284 4 2.0
284 5 2.0
284 6 2.0
284 7 2.0
285 1 1.0
285 2 1.0
285 3 1.0
285 4 1.0
285 5 1.0
285 6 1.0
285 7 1.0
286 1 1.0
286 2 1.0
286 3 1.0
286 4 1.0
286 5 1.0
286 6 1.0
286 7 1.0
287 1 2.0
287 2 2.0
287 3 2.0
287 4 2.0
287 5 2.0
287 6 2.0
287 7 2.0
288 1 2.0
288 2 2.0
288 3 2.0
288 4 2.0
288 5 2.0
288 6 2.0
288 7 2.0
289 1 2.0
289 2 2.0
289 3 2.0
289 4 2.0
289 5 2.0
289 6 2.0
289 7 2.0
290 1 1.0
290 2 1.0
290 3 1.0
290 4 1.0
290 5 1.0
290 6 1.0
290 7 1.0
291 1 2.0
291 2 2.0
291 3 2.0
291 4 2.0
291 5 2.0
291 6 2.0
291 7 2.0
292 1 2.0
292 2 2.0
292 3 2.0
292 4 2.0
292 5 2.0
292 6 2.0
292 7 2.0
293 1 1.0
293 2 1.0
293 3 1.0
293 4 1.0
293 5 1.0
293 6 1.0
293 7 1.0
294 1 2.0
294 2 2.0
294 3 2.0
294 4 2.0
294 5 2.0
294 6 2.0
294 7 2.0
295 1 1.0
295 2 1.0
295 3 1.0
295 4 2.0
295 5 1.0
295 6 1.0
295 7 1.0
296 1 1.0
296 2 1.0
296 3 1.0
296 4 1.0
296 5 1.0
296 6 1.0
296 7 1.0
297 1 2.0
297 2 2.0
297 3 2.0
297 4 2.0
297 5 2.0
297 6 2.0
297 7 2.0
298 1 1.0
298 2 1.0
298 3 1.0
298 4 1.0
298 5 1.0
298 6 1.0
298 7 1.0
299 1 1.0
299 2 1.0
299 3 1.0
299 4 1.0
299 5 1.0
299 6 1.0
299 7 1.0
300 1 2.0
300 2 2.0
300 3 2.0
300 4 2.0
300 5 2.0
300 6 2.0
300 7 2.0
301 1 2.0
301 2 2.0
301 3 2.0
301 4 2.0
301 5 2.0
301 6 2.0
301 7 2.0
302 1 1.0
302 2 1.0
302 3 1.0
302 4 1.0
302 5 1.0
302 6 1.0
302 7 1.0
303 1 2.0
303 2 2.0
303 3 2.0
303 4 2.0
303 5 2.0
303 6 2.0
303 7 2.0
304 1 2.0
304 2 2.0
304 3 2.0
304 4 2.0
304 5 2.0
304 6 2.0
304 7 2.0
305 1 1.0
305 2 1.0
305 3 1.0
305 4 1.0
305 5 1.0
305 6 1.0
305 7 1.0
306 1 2.0
306 2 2.0
306 3 2.0
306 4 2.0
306 5 2.0
306 6 2.0
306 7 2.0
307 1 1.0
307 2 1.0
307 3 1.0
307 4 1.0
307 5 1.0
307 6 1.0
307 7 1.0
308 1 1.0
308 2 1.0
308 3 1.0
308 4 1.0
308 5 1.0
308 6 1.0
308 7 1.0
309 1 2.0
309 2 2.0
309 3 2.0
309 4 2.0
309 5 2.0
309 6 2.0
309 7 2.0
310 1 1.0
310 2 1.0
310 3 1.0
310 4 1.0
310 5 1.0
310 6 1.0
310 7 1.0
311 1 2.0
311 2 2.0
311 3 2.0
311 4 2.0
311 5 2.0
311 6 2.0
311 7 2.0
312 1 2.0
312 2 2.0
312 3 2.0
312 4 2.0
312 5 2.0
312 6 2.0
312 7 2.0
313 1 2.0
313 2 2.0
313 3 2.0
313 4 2.0
313 5 2.0
313 6 2.0
313 7 2.0
314 1 2.0
314 2 2.0
314 3 2.0
314 4 2.0
314 5 2.0
314 6 2.0
314 7 2.0
315 1 2.0
315 2 2.0
315 3 2.0
315 4 2.0
315 5 2.0
315 6 2.0
315 7 2.0
316 1 1.0
316 2 1.0
316 3 1.0
316 4 1.0
316 5 1.0
316 6 1.0
316 7 1.0
317 1 2.0
317 2 2.0
317 3 2.0
317 4 2.0
317 5 2.0
317 6 2.0
317 7 2.0
318 1 1.0
318 2 1.0
318 3 2.0
318 4 1.0
318 5 1.0
318 6 1.0
318 7 1.0
319 1 2.0
319 2 2.0
319 3 2.0
319 4 2.0
319 5 2.0
319 6 2.0
319 7 2.0
320 1 1.0
320 2 1.0
320 3 1.0
320 4 1.0
320 5 1.0
320 6 1.0
320 7 1.0
321 1 1.0
321 2 1.0
321 3 1.0
321 4 1.0
321 5 1.0
321 6 1.0
321 7 1.0
322 1 1.0
322 2 1.0
322 3 1.0
322 4 1.0
322 5 1.0
322 6 1.0
322 7 1.0
323 1 2.0
323 2 2.0
323 3 2.0
323 4 2.0
323 5 2.0
323 6 2.0
323 7 2.0
324 1 1.0
324 2 1.0
324 3 1.0
324 4 1.0
324 5 1.0
324 6 1.0
324 7 1.0
325 1 2.0
325 2 2.0
325 3 2.0
325 4 2.0
325 5 2.0
325 6 2.0
325 7 2.0
326 1 2.0
326 2 2.0
326 3 2.0
326 4 2.0
326 5 2.0
326 6 2.0
326 7 2.0
327 1 2.0
327 2 2.0
327 3 2.0
327 4 2.0
327 5 2.0
327 6 2.0
327 7 2.0
328 1 2.0
328 2 2.0
328 3 2.0
328 4 2.0
328 5 2.0
328 6 2.0
328 7 2.0
329 1 1.0
329 2 1.0
329 3 1.0
329 4 1.0
329 5 1.0
329 6 1.0
329 7 1.0
330 1 2.0
330 2 2.0
330 3 2.0
330 4 2.0
330 5 2.0
330 6 2.0
330 7 2.0
331 1 1.0
331 2 1.0
331 3 1.0
331 4 1.0
331 5 1.0
331 6 1.0
331 7 1.0
332 1 2.0
332 2 2.0
332 3 2.0
332 4 2.0
332 5 2.0
332 6 2.0
332 7 2.0
333 1 2.0
333 2 2.0
333 3 2.0
333 4 2.0
333 5 2.0
333 6 2.0
333 7 2.0
334 1 2.0
334 2 2.0
334 3 2.0
334 4 2.0
334 5 2.0
334 6 2.0
334 7 2.0
335 1 2.0
335 2 2.0
335 3 2.0
335 4 2.0
335 5 2.0
335 6 2.0
335 7 2.0
336 1 1.0
336 2 1.0
336 3 2.0
336 4 1.0
336 5 1.0
336 6 2.0
336 7 2.0
337 1 1.0
337 2 1.0
337 3 1.0
337 4 1.0
337 5 1.0
337 6 1.0
337 7 1.0
338 1 2.0
338 2 2.0
338 3 2.0
338 4 2.0
338 5 2.0
338 6 2.0
338 7 2.0
339 1 1.0
339 2 1.0
339 3 1.0
339 4 1.0
339 5 1.0
339 6 1.0
339 7 1.0
340 1 1.0
340 2 1.0
340 3 1.0
340 4 1.0
340 5 1.0
340 6 1.0
340 7 1.0
341 1 1.0
341 2 1.0
341 3 1.0
341 4 1.0
341 5 1.0
341 6 1.0
341 7 1.0
342 1 2.0
342 2 2.0
342 3 2.0
342 4 2.0
342 5 2.0
342 6 2.0
342 7 2.0
343 1 2.0
343 2 2.0
343 3 2.0
343 4 2.0
343 5 2.0
343 6 2.0
343 7 2.0
344 1 1.0
344 2 1.0
344 3 1.0
344 4 1.0
344 5 1.0
344 6 1.0
344 7 1.0
345 1 1.0
345 2 1.0
345 3 1.0
345 4 1.0
345 5 1.0
345 6 1.0
345 7 1.0
346 1 2.0
346 2 2.0
346 3 2.0
346 4 2.0
346 5 2.0
346 6 2.0
346 7 2.0
347 1 2.0
347 2 2.0
347 3 2.0
347 4 2.0
347 5 2.0
347 6 2.0
347 7 2.0
348 1 1.0
348 2 1.0
348 3 1.0
348 4 1.0
348 5 1.0
348 6 1.0
348 7 1.0
349 1 2.0
349 2 2.0
349 3 2.0
349 4 2.0
349 5 2.0
349 6 2.0
349 7 2.0
350 1 2.0
350 2 2.0
350 3 2.0
350 4 2.0
350 5 2.0
350 6 2.0
350 7 2.0
351 1 1.0
351 2 1.0
351 3 1.0
351 4 1.0
351 5 1.0
351 6 1.0
351 7 1.0
352 1 1.0
352 2 1.0
352 3 1.0
352 4 1.0
352 5 1.0
352 6 1.0
352 7 1.0
353 1 1.0
353 2 1.0
353 3 1.0
353 4 1.0
353 5 1.0
353 6 1.0
353 7 1.0
354 1 2.0
354 2 2.0
354 3 2.0
354 4 2.0
354 5 2.0
354 6 2.0
354 7 2.0
355 1 1.0
355 2 1.0
355 3 1.0
355 4 1.0
355 5 1.0
355 6 1.0
355 7 1.0
356 1 1.0
356 2 1.0
356 3 1.0
356 4 1.0
356 5 1.0
356 6 1.0
356 7 1.0
357 1 2.0
357 2 2.0
357 3 2.0
357 4 2.0
357 5 2.0
357 6 2.0
357 7 2.0
358 1 2.0
358 2 2.0
358 3 2.0
358 4 2.0
358 5 2.0
358 6 2.0
358 7 2.0
359 1 2.0
359 2 2.0
359 3 2.0
359 4 2.0
359 5 2.0
359 6 2.0
359 7 2.0
360 1 1.0
360 2 1.0
360 3 1.0
360 4 1.0
360 5 1.0
360 6 1.0
360 7 1.0
361 1 2.0
361 2 2.0
361 3 2.0
361 4 2.0
361 5 2.0
361 6 2.0
361 7 2.0
362 1 1.0
362 2 1.0
362 3 1.0
362 4 1.0
362 5 1.0
362 6 1.0
362 7 1.0
363 1 2.0
363 2 2.0
363 3 2.0
363 4 2.0
363 5 2.0
363 6 2.0
363 7 2.0
364 1 2.0
364 2 2.0
364 3 2.0
364 4 2.0
364 5 2.0
364 6 2.0
364 7 2.0
365 1 2.0
365 2 2.0
365 3 2.0
365 4 2.0
365 5 2.0
365 6 2.0
365 7 2.0
366 1 1.0
366 2 1.0
366 3 1.0
366 4 1.0
366 5 1.0
366 6 1.0
366 7 1.0
367 1 2.0
367 2 2.0
367 3 2.0
367 4 2.0
367 5 2.0
367 6 2.0
367 7 2.0
368 1 2.0
368 2 2.0
368 3 2.0
368 4 2.0
368 5 2.0
368 6 2.0
368 7 2.0
369 1 1.0
369 2 1.0
369 3 2.0
369 4 1.0
369 5 1.0
369 6 2.0
369 7 2.0
370 1 1.0
370 2 1.0
370 3 1.0
370 4 1.0
370 5 1.0
370 6 1.0
370 7 1.0
371 1 2.0
371 2 2.0
371 3 2.0
371 4 2.0
371 5 2.0
371 6 2.0
371 7 2.0
372 1 2.0
372 2 2.0
372 3 2.0
372 4 2.0
372 5 2.0
372 6 2.0
372 7 2.0
373 1 1.0
373 2 1.0
373 3 1.0
373 4 1.0
373 5 1.0
373 6 1.0
373 7 1.0
374 1 1.0
374 2 1.0
374 3 1.0
374 4 1.0
374 5 1.0
374 6 1.0
374 7 1.0
375 1 1.0
375 2 1.0
375 3 1.0
375 4 1.0
375 5 1.0
375 6 1.0
375 7 1.0
376 1 1.0
376 2 1.0
376 3 1.0
376 4 1.0
376 5 1.0
376 6 1.0
376 7 1.0
377 1 2.0
377 2 2.0
377 3 2.0
377 4 2.0
377 5 2.0
377 6 2.0
377 7 2.0
378 1 1.0
378 2 1.0
378 3 1.0
378 4 1.0
378 5 1.0
378 6 1.0
378 7 1.0
379 1 2.0
379 2 2.0
379 3 2.0
379 4 2.0
379 5 2.0
379 6 2.0
379 7 2.0
380 1 1.0
380 2 1.0
380 3 1.0
380 4 1.0
380 5 1.0
380 6 1.0
380 7 1.0
381 1 1.0
381 2 1.0
381 3 1.0
381 4 1.0
381 5 1.0
381 6 1.0
381 7 1.0
382 1 2.0
382 2 2.0
382 3 2.0
382 4 2.0
382 5 2.0
382 6 2.0
382 7 2.0
383 1 2.0
383 2 2.0
383 3 2.0
383 4 2.0
383 5 2.0
383 6 2.0
383 7 2.0
384 1 1.0
384 2 1.0
384 3 1.0
384 4 1.0
384 5 1.0
384 6 1.0
384 7 1.0
385 1 2.0
385 2 2.0
385 3 2.0
385 4 2.0
385 5 2.0
385 6 2.0
385 7 2.0
386 1 1.0
386 2 1.0
386 3 1.0
386 4 1.0
386 5 1.0
386 6 1.0
386 7 1.0
387 1 1.0
387 2 1.0
387 3 1.0
387 4 1.0
387 5 1.0
387 6 1.0
387 7 1.0
388 1 1.0
388 2 1.0
388 3 1.0
388 4 1.0
388 5 1.0
388 6 1.0
388 7 1.0
389 1 1.0
389 2 1.0
389 3 1.0
389 4 1.0
389 5 1.0
389 6 1.0
389 7 1.0
390 1 2.0
390 2 2.0
390 3 2.0
390 4 2.0
390 5 2.0
390 6 2.0
390 7 2.0
391 1 1.0
391 2 1.0
391 3 1.0
391 4 1.0
391 5 1.0
391 6 1.0
391 7 1.0
392 1 2.0
392 2 2.0
392 3 2.0
392 4 2.0
392 5 2.0
392 6 2.0
392 7 2.0
393 1 1.0
393 2 1.0
393 3 1.0
393 4 1.0
393 5 1.0
393 6 1.0
393 7 1.0
394 1 1.0
394 2 1.0
394 3 1.0
394 4 1.0
394 5 1.0
394 6 1.0
394 7 1.0
395 1 1.0
395 2 1.0
395 3 1.0
395 4 1.0
395 5 1.0
395 6 1.0
395 7 1.0
396 1 2.0
396 2 2.0
396 3 2.0
396 4 2.0
396 5 2.0
396 6 2.0
396 7 2.0
397 1 2.0
397 2 2.0
397 3 2.0
397 4 2.0
397 5 2.0
397 6 2.0
397 7 2.0
398 1 2.0
398 2 2.0
398 3 2.0
398 4 2.0
398 5 2.0
398 6 2.0
398 7 2.0
399 1 1.0
399 2 1.0
399 3 1.0
399 4 1.0
399 5 1.0
399 6 1.0
399 7 1.0
400 1 2.0
400 2 2.0
400 3 2.0
400 4 2.0
400 5 2.0
400 6 2.0
400 7 2.0
401 1 2.0
401 2 2.0
401 3 2.0
401 4 2.0
401 5 2.0
401 6 2.0
401 7 2.0
402 1 2.0
402 2 2.0
402 3 2.0
402 4 2.0
402 5 2.0
402 6 2.0
402 7 2.0
403 1 2.0
403 2 2.0
403 3 2.0
403 4 2.0
403 5 2.0
403 6 2.0
403 7 2.0
404 1 2.0
404 2 2.0
404 3 2.0
404 4 2.0
404 5 2.0
404 6 2.0
404 7 2.0
405 1 2.0
405 2 2.0
405 3 2.0
405 4 2.0
405 5 2.0
405 6 2.0
405 7 2.0
406 1 1.0
406 2 1.0
406 3 1.0
406 4 1.0
406 5 1.0
406 6 1.0
406 7 1.0
407 1 2.0
407 2 1.0
407 3 1.0
407 4 2.0
407 5 1.0
407 6 1.0
407 7 1.0
408 1 2.0
408 2 2.0
408 3 2.0
408 4 2.0
408 5 2.0
408 6 2.0
408 7 2.0
409 1 2.0
409 2 2.0
409 3 2.0
409 4 2.0
409 5 2.0
409 6 2.0
409 7 2.0
410 1 2.0
410 2 2.0
410 3 2.0
410 4 2.0
410 5 2.0
410 6 2.0
410 7 2.0
411 1 2.0
411 2 2.0
411 3 2.0
411 4 2.0
411 5 2.0
411 6 2.0
411 7 2.0
412 1 1.0
412 2 1.0
412 3 1.0
412 4 1.0
412 5 1.0
412 6 1.0
412 7 1.0
413 1 1.0
413 2 1.0
413 3 1.0
413 4 1.0
413 5 1.0
413 6 1.0
413 7 1.0
414 1 2.0
414 2 2.0
414 3 2.0
414 4 2.0
414 5 2.0
414 6 2.0
414 7 2.0
415 1 2.0
415 2 2.0
415 3 2.0
415 4 2.0
415 5 2.0
415 6 2.0
415 7 2.0
416 1 2.0
416 2 2.0
416 3 2.0
416 4 2.0
416 5 2.0
416 6 2.0
416 7 2.0
417 1 1.0
417 2 1.0
417 3 1.0
417 4 1.0
417 5 1.0
417 6 1.0
417 7 1.0
418 1 2.0
418 2 2.0
418 3 2.0
418 4 2.0
418 5 2.0
418 6 2.0
418 7 2.0
419 1 1.0
419 2 1.0
419 3 1.0
419 4 1.0
419 5 1.0
419 6 1.0
419 7 1.0
420 1 1.0
420 2 1.0
420 3 1.0
420 4 1.0
420 5 1.0
420 6 1.0
420 7 1.0
421 1 2.0
421 2 2.0
421 3 2.0
421 4 2.0
421 5 2.0
421 6 2.0
421 7 2.0
422 1 2.0
422 2 2.0
422 3 2.0
422 4 2.0
422 5 2.0
422 6 2.0
422 7 2.0
423 1 2.0
423 2 2.0
423 3 2.0
423 4 2.0
423 5 2.0
423 6 2.0
423 7 2.0
424 1 1.0
424 2 1.0
424 3 1.0
424 4 1.0
424 5 1.0
424 6 1.0
424 7 1.0
425 1 1.0
425 2 1.0
425 3 1.0
425 4 1.0
425 5 1.0
425 6 1.0
425 7 1.0
426 1 1.0
426 2 1.0
426 3 1.0
426 4 1.0
426 5 1.0
426 6 1.0
426 7 1.0
427 1 1.0
427 2 1.0
427 3 1.0
427 4 1.0
427 5 1.0
427 6 1.0
427 7 1.0
428 1 1.0
428 2 1.0
428 3 1.0
428 4 1.0
428 5 1.0
428 6 1.0
428 7 1.0
429 1 2.0
429 2 2.0
429 3 2.0
429 4 2.0
429 5 2.0
429 6 2.0
429 7 2.0
430 1 1.0
430 2 1.0
430 3 1.0
430 4 1.0
430 5 1.0
430 6 1.0
430 7 1.0
431 1 2.0
431 2 2.0
431 3 2.0
431 4 2.0
431 5 2.0
431 6 2.0
431 7 2.0
432 1 2.0
432 2 2.0
432 3 2.0
432 4 2.0
432 5 2.0
432 6 2.0
432 7 2.0
433 1 2.0
433 2 2.0
433 3 2.0
433 4 2.0
433 5 2.0
433 6 2.0
433 7 2.0
434 1 2.0
434 2 2.0
434 3 2.0
434 4 2.0
434 5 2.0
434 6 2.0
434 7 2.0
435 1 1.0
435 2 1.0
435 3 1.0
435 4 1.0
435 5 1.0
435 6 1.0
435 7 1.0
436 1 1.0
436 2 1.0
436 3 1.0
436 4 1.0
436 5 1.0
436 6 1.0
436 7 1.0
437 1 1.0
437 2 1.0
437 3 1.0
437 4 1.0
437 5 1.0
437 6 1.0
437 7 1.0
438 1 2.0
438 2 2.0
438 3 2.0
438 4 2.0
438 5 2.0
438 6 2.0
438 7 2.0
439 1 2.0
439 2 2.0
439 3 2.0
439 4 2.0
439 5 2.0
439 6 2.0
439 7 2.0
440 1 2.0
440 2 2.0
440 3 2.0
440 4 2.0
440 5 2.0
440 6 2.0
440 7 2.0
441 1 1.0
441 2 1.0
441 3 1.0
441 4 1.0
441 5 1.0
441 6 1.0
441 7 1.0
442 1 2.0
442 2 2.0
442 3 2.0
442 4 2.0
442 5 2.0
442 6 2.0
442 7 2.0
443 1 1.0
443 2 1.0
443 3 1.0
443 4 1.0
443 5 1.0
443 6 1.0
443 7 1.0
444 1 1.0
444 2 1.0
444 3 1.0
444 4 1.0
444 5 1.0
444 6 1.0
444 7 1.0
445 1 2.0
445 2 2.0
445 3 2.0
445 4 2.0
445 5 2.0
445 6 2.0
445 7 2.0
446 1 1.0
446 2 1.0
446 3 1.0
446 4 1.0
446 5 1.0
446 6 1.0
446 7 1.0
447 1 2.0
447 2 2.0
447 3 2.0
447 4 2.0
447 5 2.0
447 6 2.0
447 7 2.0
448 1 2.0
448 2 2.0
448 3 2.0
448 4 2.0
448 5 2.0
448 6 2.0
448 7 2.0
449 1 2.0
449 2 2.0
449 3 2.0
449 4 2.0
449 5 2.0
449 6 2.0
449 7 2.0
450 1 2.0
450 2 2.0
450 3 2.0
450 4 2.0
450 5 2.0
450 6 2.0
450 7 2.0
451 1 2.0
451 2 2.0
451 3 2.0
451 4 2.0
451 5 2.0
451 6 2.0
451 7 2.0
452 1 2.0
452 2 2.0
452 3 2.0
452 4 2.0
452 5 2.0
452 6 2.0
452 7 2.0
453 1 2.0
453 2 2.0
453 3 2.0
453 4 2.0
453 5 2.0
453 6 2.0
453 7 2.0
454 1 2.0
454 2 2.0
454 3 2.0
454 4 2.0
454 5 2.0
454 6 2.0
454 7 2.0
455 1 2.0
455 2 2.0
455 3 2.0
455 4 2.0
455 5 2.0
455 6 2.0
455 7 2.0
456 1 1.0
456 2 1.0
456 3 1.0
456 4 1.0
456 5 1.0
456 6 1.0
456 7 1.0
457 1 1.0
457 2 1.0
457 3 1.0
457 4 1.0
457 5 1.0
457 6 1.0
457 7 1.0
458 1 2.0
458 2 2.0
458 3 2.0
458 4 2.0
458 5 2.0
458 6 2.0
458 7 2.0
459 1 2.0
459 2 2.0
459 3 2.0
459 4 2.0
459 5 2.0
459 6 2.0
459 7 2.0
460 1 2.0
460 2 2.0
460 3 2.0
460 4 2.0
460 5 2.0
460 6 2.0
460 7 2.0
461 1 1.0
461 2 1.0
461 3 1.0
461 4 1.0
461 5 1.0
461 6 1.0
461 7 1.0
462 1 2.0
462 2 2.0
462 3 2.0
462 4 2.0
462 5 2.0
462 6 2.0
462 7 2.0
463 1 1.0
463 2 1.0
463 3 1.0
463 4 1.0
463 5 1.0
463 6 1.0
463 7 1.0
464 1 2.0
464 2 2.0
464 3 2.0
464 4 2.0
464 5 2.0
464 6 2.0
464 7 2.0
465 1 2.0
465 2 2.0
465 3 2.0
465 4 2.0
465 5 2.0
465 6 2.0
465 7 2.0
466 1 2.0
466 2 2.0
466 3 2.0
466 4 2.0
466 5 2.0
466 6 2.0
466 7 2.0
467 1 1.0
467 2 1.0
467 3 1.0
467 4 1.0
467 5 1.0
467 6 1.0
467 7 1.0
468 1 1.0
468 2 1.0
468 3 1.0
468 4 1.0
468 5 1.0
468 6 1.0
468 7 1.0
469 1 1.0
469 2 1.0
469 3 1.0
469 4 1.0
469 5 1.0
469 6 1.0
469 7 1.0
470 1 1.0
470 2 1.0
470 3 1.0
470 4 1.0
470 5 1.0
470 6 1.0
470 7 1.0
471 1 2.0
471 2 2.0
471 3 2.0
471 4 2.0
471 5 2.0
471 6 2.0
471 7 2.0
472 1 1.0
472 2 1.0
472 3 1.0
472 4 1.0
472 5 1.0
472 6 1.0
472 7 1.0
473 1 2.0
473 2 2.0
473 3 2.0
473 4 2.0
473 5 2.0
473 6 2.0
473 7 2.0
474 1 1.0
474 2 1.0
474 3 1.0
474 4 1.0
474 5 1.0
474 6 1.0
474 7 1.0
475 1 1.0
475 2 1.0
475 3 1.0
475 4 1.0
475 5 1.0
475 6 1.0
475 7 1.0
476 1 2.0
476 2 1.0
476 3 2.0
476 4 2.0
476 5 1.0
476 6 1.0
476 7 1.0
477 1 2.0
477 2 2.0
477 3 2.0
477 4 2.0
477 5 2.0
477 6 2.0
477 7 2.0
478 1 2.0
478 2 2.0
478 3 2.0
478 4 2.0
478 5 2.0
478 6 2.0
478 7 2.0
479 1 1.0
479 2 1.0
479 3 1.0
479 4 1.0
479 5 1.0
479 6 1.0
479 7 1.0
480 1 1.0
480 2 1.0
480 3 1.0
480 4 1.0
480 5 1.0
480 6 1.0
480 7 1.0
481 1 2.0
481 2 2.0
481 3 2.0
481 4 2.0
481 5 2.0
481 6 2.0
481 7 2.0
482 1 2.0
482 2 2.0
482 3 2.0
482 4 2.0
482 5 2.0
482 6 2.0
482 7 2.0
483 1 1.0
483 2 1.0
483 3 1.0
483 4 1.0
483 5 1.0
483 6 1.0
483 7 1.0
484 1 2.0
484 2 2.0
484 3 2.0
484 4 2.0
484 5 2.0
484 6 2.0
484 7 2.0
485 1 2.0
485 2 2.0
485 3 2.0
485 4 2.0
485 5 2.0
485 6 2.0
485 7 2.0
486 1 1.0
486 2 1.0
486 3 1.0
486 4 1.0
486 5 1.0
486 6 1.0
486 7 1.0
487 1 2.0
487 2 2.0
487 3 2.0
487 4 2.0
487 5 2.0
487 6 2.0
487 7 2.0
488 1 2.0
488 2 2.0
488 3 2.0
488 4 2.0
488 5 2.0
488 6 2.0
488 7 2.0
489 1 1.0
489 2 1.0
489 3 1.0
489 4 1.0
489 5 1.0
489 6 1.0
489 7 1.0
490 1 2.0
490 2 2.0
490 3 2.0
490 4 2.0
490 5 2.0
490 6 2.0
490 7 2.0
491 1 1.0
491 2 1.0
491 3 1.0
491 4 1.0
491 5 1.0
491 6 1.0
491 7 1.0
492 1 2.0
492 2 2.0
492 3 2.0
492 4 2.0
492 5 2.0
492 6 2.0
492 7 2.0
493 1 1.0
493 2 1.0
493 3 1.0
493 4 1.0
493 5 1.0
493 6 1.0
493 7 1.0
494 1 1.0
494 2 1.0
494 3 1.0
494 4 1.0
494 5 1.0
494 6 1.0
494 7 1.0
495 1 2.0
495 2 2.0
495 3 2.0
495 4 2.0
495 5 2.0
495 6 2.0
495 7 2.0
496 1 1.0
496 2 1.0
496 3 1.0
496 4 1.0
496 5 1.0
496 6 1.0
496 7 1.0
497 1 2.0
497 2 2.0
497 3 2.0
497 4 2.0
497 5 2.0
497 6 2.0
497 7 2.0
498 1 2.0
498 2 2.0
498 3 2.0
498 4 2.0
498 5 2.0
498 6 2.0
498 7 2.0
499 1 1.0
499 2 1.0
499 3 1.0
499 4 1.0
499 5 1.0
499 6 1.0
499 7 1.0
500 1 1.0
500 2 1.0
500 3 1.0
500 4 1.0
500 5 1.0
500 6 1.0
500 7 1.0
501 1 2.0
501 2 2.0
501 3 2.0
501 4 2.0
501 5 2.0
501 6 2.0
501 7 2.0
502 1 1.0
502 2 1.0
502 3 1.0
502 4 1.0
502 5 1.0
502 6 1.0
502 7 1.0
503 1 1.0
503 2 1.0
503 3 1.0
503 4 1.0
503 5 1.0
503 6 1.0
503 7 1.0
504 1 1.0
504 2 1.0
504 3 1.0
504 4 1.0
504 5 1.0
504 6 2.0
504 7 1.0
505 1 1.0
505 2 2.0
505 3 2.0
505 4 2.0
505 5 2.0
505 6 2.0
505 7 2.0
506 1 1.0
506 2 2.0
506 3 1.0
506 4 1.0
506 5 2.0
506 6 1.0
506 7 2.0
507 1 2.0
507 2 2.0
507 3 2.0
507 4 2.0
507 5 2.0
507 6 2.0
507 7 2.0
508 1 2.0
508 2 2.0
508 3 2.0
508 4 2.0
508 5 2.0
508 6 2.0
508 7 2.0
509 1 2.0
509 2 2.0
509 3 2.0
509 4 2.0
509 5 2.0
509 6 2.0
509 7 2.0
510 1 1.0
510 2 1.0
510 3 1.0
510 4 1.0
510 5 1.0
510 6 1.0
510 7 1.0
511 1 2.0
511 2 2.0
511 3 2.0
511 4 2.0
511 5 2.0
511 6 2.0
511 7 2.0
512 1 2.0
512 2 2.0
512 3 2.0
512 4 2.0
512 5 2.0
512 6 2.0
512 7 2.0
513 1 1.0
513 2 1.0
513 3 1.0
513 4 1.0
513 5 1.0
513 6 1.0
513 7 1.0
514 1 2.0
514 2 2.0
514 3 2.0
514 4 2.0
514 5 2.0
514 6 2.0
514 7 2.0
515 1 2.0
515 2 2.0
515 3 2.0
515 4 2.0
515 5 2.0
515 6 2.0
515 7 2.0
516 1 1.0
516 2 1.0
516 3 1.0
516 4 1.0
516 5 1.0
516 6 1.0
516 7 1.0
517 1 2.0
517 2 2.0
517 3 2.0
517 4 2.0
517 5 2.0
517 6 2.0
517 7 2.0
518 1 1.0
518 2 1.0
518 3 1.0
518 4 1.0
518 5 1.0
518 6 1.0
518 7 1.0
519 1 2.0
519 2 2.0
519 3 2.0
519 4 2.0
519 5 2.0
519 6 2.0
519 7 2.0
520 1 2.0
520 2 2.0
520 3 2.0
520 4 2.0
520 5 2.0
520 6 2.0
520 7 2.0
521 1 2.0
521 2 2.0
521 3 2.0
521 4 2.0
521 5 2.0
521 6 2.0
521 7 2.0
522 1 2.0
522 2 2.0
522 3 2.0
522 4 2.0
522 5 2.0
522 6 2.0
522 7 2.0
523 1 2.0
523 2 2.0
523 3 2.0
523 4 2.0
523 5 2.0
523 6 2.0
523 7 2.0
524 1 1.0
524 2 1.0
524 3 1.0
524 4 1.0
524 5 1.0
524 6 1.0
524 7 1.0
525 1 1.0
525 2 1.0
525 3 1.0
525 4 1.0
525 5 1.0
525 6 1.0
525 7 1.0
526 1 1.0
526 2 1.0
526 3 1.0
526 4 1.0
526 5 1.0
526 6 1.0
526 7 1.0
527 1 1.0
527 2 2.0
527 3 2.0
527 4 1.0
527 5 2.0
527 6 2.0
527 7 2.0
528 1 2.0
528 2 2.0
528 3 2.0
528 4 2.0
528 5 2.0
528 6 2.0
528 7 2.0
529 1 1.0
529 2 1.0
529 3 1.0
529 4 1.0
529 5 1.0
529 6 1.0
529 7 1.0
530 1 2.0
530 2 2.0
530 3 2.0
530 4 2.0
530 5 2.0
530 6 2.0
530 7 2.0
531 1 2.0
531 2 2.0
531 3 2.0
531 4 2.0
531 5 2.0
531 6 2.0
531 7 2.0
532 1 1.0
532 2 2.0
532 3 1.0
532 4 1.0
532 5 2.0
532 6 1.0
532 7 2.0
533 1 1.0
533 2 1.0
533 3 1.0
533 4 1.0
533 5 1.0
533 6 1.0
533 7 1.0
534 1 1.0
534 2 1.0
534 3 1.0
534 4 1.0
534 5 1.0
534 6 1.0
534 7 1.0
535 1 1.0
535 2 1.0
535 3 1.0
535 4 1.0
535 5 1.0
535 6 1.0
535 7 1.0
536 1 1.0
536 2 1.0
536 3 1.0
536 4 1.0
536 5 1.0
536 6 1.0
536 7 1.0
537 1 1.0
537 2 1.0
537 3 1.0
537 4 1.0
537 5 1.0
537 6 1.0
537 7 1.0
538 1 2.0
538 2 2.0
538 3 2.0
538 4 2.0
538 5 2.0
538 6 2.0
538 7 2.0
539 1 2.0
539 2 2.0
539 3 2.0
539 4 2.0
539 5 2.0
539 6 2.0
539 7 2.0
540 1 2.0
540 2 2.0
540 3 2.0
540 4 2.0
540 5 2.0
540 6 2.0
540 7 2.0
541 1 2.0
541 2 2.0
541 3 2.0
541 4 2.0
541 5 2.0
541 6 2.0
541 7 2.0
542 1 2.0
542 2 2.0
542 3 2.0
542 4 2.0
542 5 2.0
542 6 2.0
542 7 2.0
543 1 1.0
543 2 1.0
543 3 1.0
543 4 1.0
543 5 1.0
543 6 1.0
543 7 1.0
544 1 2.0
544 2 1.0
544 3 2.0
544 4 2.0
544 5 1.0
544 6 1.0
544 7 1.0
545 1 1.0
545 2 1.0
545 3 1.0
545 4 1.0
545 5 1.0
545 6 1.0
545 7 1.0
546 1 1.0
546 2 1.0
546 3 1.0
546 4 1.0
546 5 1.0
546 6 1.0
546 7 1.0
547 1 1.0
547 2 1.0
547 3 1.0
547 4 1.0
547 5 1.0
547 6 1.0
547 7 1.0
548 1 2.0
548 2 1.0
548 3 2.0
548 4 2.0
548 5 1.0
548 6 2.0
548 7 2.0
549 1 2.0
549 2 2.0
549 3 2.0
549 4 2.0
549 5 2.0
549 6 2.0
549 7 2.0
550 1 1.0
550 2 1.0
550 3 1.0
550 4 1.0
550 5 1.0
550 6 1.0
550 7 1.0
551 1 1.0
551 2 1.0
551 3 1.0
551 4 1.0
551 5 1.0
551 6 1.0
551 7 1.0
552 1 2.0
552 2 2.0
552 3 2.0
552 4 2.0
552 5 2.0
552 6 2.0
552 7 2.0
553 1 2.0
553 2 2.0
553 3 2.0
553 4 2.0
553 5 2.0
553 6 2.0
553 7 2.0
554 1 1.0
554 2 1.0
554 3 1.0
554 4 1.0
554 5 1.0
554 6 1.0
554 7 1.0
555 1 2.0
555 2 2.0
555 3 2.0
555 4 2.0
555 5 2.0
555 6 2.0
555 7 2.0
556 1 1.0
556 2 1.0
556 3 1.0
556 4 1.0
556 5 1.0
556 6 1.0
556 7 1.0
557 1 2.0
557 2 2.0
557 3 2.0
557 4 2.0
557 5 2.0
557 6 2.0
557 7 2.0
558 1 2.0
558 2 2.0
558 3 2.0
558 4 2.0
558 5 2.0
558 6 2.0
558 7 2.0
559 1 2.0
559 2 2.0
559 3 2.0
559 4 2.0
559 5 2.0
559 6 2.0
559 7 2.0
560 1 1.0
560 2 1.0
560 3 1.0
560 4 1.0
560 5 1.0
560 6 1.0
560 7 1.0
561 1 1.0
561 2 1.0
561 3 1.0
561 4 1.0
561 5 1.0
561 6 1.0
561 7 1.0
562 1 1.0
562 2 1.0
562 3 1.0
562 4 1.0
562 5 1.0
562 6 1.0
562 7 1.0
563 1 1.0
563 2 1.0
563 3 1.0
563 4 1.0
563 5 1.0
563 6 1.0
563 7 1.0
564 1 1.0
564 2 1.0
564 3 2.0
564 4 1.0
564 5 1.0
564 6 1.0
564 7 1.0
565 1 1.0
565 2 1.0
565 3 1.0
565 4 1.0
565 5 1.0
565 6 1.0
565 7 1.0
566 1 2.0
566 2 2.0
566 3 2.0
566 4 2.0
566 5 2.0
566 6 2.0
566 7 2.0
567 1 2.0
567 2 2.0
567 3 2.0
567 4 2.0
567 5 2.0
567 6 2.0
567 7 2.0
568 1 1.0
568 2 1.0
568 3 1.0
568 4 1.0
568 5 1.0
568 6 1.0
568 7 1.0
569 1 1.0
569 2 2.0
569 3 1.0
569 4 1.0
569 5 2.0
569 6 1.0
569 7 2.0
570 1 2.0
570 2 2.0
570 3 2.0
570 4 2.0
570 5 2.0
570 6 2.0
570 7 2.0
571 1 1.0
571 2 1.0
571 3 1.0
571 4 1.0
571 5 1.0
571 6 1.0
571 7 1.0
572 1 2.0
572 2 2.0
572 3 2.0
572 4 2.0
572 5 2.0
572 6 2.0
572 7 2.0
573 1 1.0
573 2 1.0
573 3 1.0
573 4 1.0
573 5 1.0
573 6 1.0
573 7 1.0
574 1 1.0
574 2 1.0
574 3 1.0
574 4 1.0
574 5 1.0
574 6 1.0
574 7 1.0
575 1 2.0
575 2 2.0
575 3 2.0
575 4 2.0
575 5 2.0
575 6 2.0
575 7 2.0
576 1 1.0
576 2 1.0
576 3 1.0
576 4 1.0
576 5 1.0
576 6 1.0
576 7 1.0
577 1 2.0
577 2 2.0
577 3 2.0
577 4 2.0
577 5 2.0
577 6 2.0
577 7 2.0
578 1 1.0
578 2 1.0
578 3 1.0
578 4 1.0
578 5 1.0
578 6 1.0
578 7 1.0
579 1 1.0
579 2 1.0
579 3 1.0
579 4 1.0
579 5 1.0
579 6 1.0
579 7 1.0
580 1 2.0
580 2 2.0
580 3 2.0
580 4 2.0
580 5 2.0
580 6 2.0
580 7 2.0
581 1 2.0
581 2 2.0
581 3 2.0
581 4 2.0
581 5 2.0
581 6 2.0
581 7 2.0
582 1 2.0
582 2 2.0
582 3 2.0
582 4 2.0
582 5 2.0
582 6 2.0
582 7 2.0
583 1 2.0
583 2 2.0
583 3 2.0
583 4 2.0
583 5 2.0
583 6 2.0
583 7 2.0
584 1 2.0
584 2 2.0
584 3 2.0
584 4 2.0
584 5 2.0
584 6 2.0
584 7 2.0
585 1 1.0
585 2 2.0
585 3 1.0
585 4 1.0
585 5 2.0
585 6 1.0
585 7 2.0
586 1 1.0
586 2 2.0
586 3 2.0
586 4 1.0
586 5 2.0
586 6 2.0
586 7 2.0
587 1 1.0
587 2 1.0
587 3 2.0
587 4 1.0
587 5 1.0
587 6 1.0
587 7 1.0
588 1 2.0
588 2 2.0
588 3 2.0
588 4 2.0
588 5 2.0
588 6 2.0
588 7 2.0
589 1 1.0
589 2 1.0
589 3 1.0
589 4 1.0
589 5 1.0
589 6 1.0
589 7 1.0
590 1 1.0
590 2 1.0
590 3 1.0
590 4 1.0
590 5 1.0
590 6 1.0
590 7 1.0
591 1 1.0
591 2 1.0
591 3 1.0
591 4 1.0
591 5 1.0
591 6 1.0
591 7 1.0
592 1 2.0
592 2 2.0
592 3 2.0
592 4 2.0
592 5 2.0
592 6 2.0
592 7 2.0
593 1 1.0
593 2 1.0
593 3 1.0
593 4 1.0
593 5 1.0
593 6 1.0
593 7 1.0
594 1 2.0
594 2 2.0
594 3 2.0
594 4 2.0
594 5 2.0
594 6 2.0
594 7 2.0
595 1 1.0
595 2 1.0
595 3 1.0
595 4 1.0
595 5 1.0
595 6 1.0
595 7 1.0
596 1 1.0
596 2 1.0
596 3 1.0
596 4 1.0
596 5 1.0
596 6 1.0
596 7 1.0
597 1 1.0
597 2 1.0
597 3 1.0
597 4 1.0
597 5 1.0
597 6 1.0
597 7 1.0
598 1 2.0
598 2 2.0
598 3 2.0
598 4 2.0
598 5 2.0
598 6 2.0
598 7 2.0
599 1 2.0
599 2 2.0
599 3 2.0
599 4 2.0
599 5 2.0
599 6 2.0
599 7 2.0
600 1 1.0
600 2 1.0
600 3 1.0
600 4 1.0
600 5 1.0
600 6 1.0
600 7 1.0
601 1 1.0
601 2 1.0
601 3 1.0
601 4 1.0
601 5 1.0
601 6 1.0
601 7 1.0
602 1 1.0
602 2 1.0
602 3 1.0
602 4 1.0
602 5 1.0
602 6 1.0
602 7 1.0
603 1 1.0
603 2 1.0
603 3 1.0
603 4 1.0
603 5 1.0
603 6 1.0
603 7 1.0
604 1 2.0
604 2 2.0
604 3 2.0
604 4 2.0
604 5 2.0
604 6 2.0
604 7 2.0
605 1 1.0
605 2 1.0
605 3 1.0
605 4 1.0
605 5 1.0
605 6 1.0
605 7 1.0
606 1 2.0
606 2 2.0
606 3 2.0
606 4 2.0
606 5 2.0
606 6 2.0
606 7 2.0
607 1 1.0
607 2 1.0
607 3 1.0
607 4 1.0
607 5 1.0
607 6 1.0
607 7 1.0
608 1 2.0
608 2 2.0
608 3 2.0
608 4 2.0
608 5 2.0
608 6 2.0
608 7 2.0
609 1 2.0
609 2 2.0
609 3 2.0
609 4 2.0
609 5 2.0
609 6 2.0
609 7 2.0
610 1 1.0
610 2 1.0
610 3 1.0
610 4 1.0
610 5 1.0
610 6 1.0
610 7 1.0
611 1 1.0
611 2 1.0
611 3 1.0
611 4 1.0
611 5 1.0
611 6 1.0
611 7 1.0
612 1 2.0
612 2 2.0
612 3 2.0
612 4 2.0
612 5 2.0
612 6 2.0
612 7 2.0
613 1 1.0
613 2 1.0
613 3 1.0
613 4 1.0
613 5 1.0
613 6 1.0
613 7 1.0
614 1 2.0
614 2 2.0
614 3 2.0
614 4 2.0
614 5 2.0
614 6 2.0
614 7 2.0
615 1 1.0
615 2 1.0
615 3 1.0
615 4 1.0
615 5 1.0
615 6 1.0
615 7 1.0
616 1 2.0
616 2 2.0
616 3 2.0
616 4 2.0
616 5 2.0
616 6 2.0
616 7 2.0
617 1 1.0
617 2 1.0
617 3 1.0
617 4 1.0
617 5 1.0
617 6 1.0
617 7 1.0
618 1 1.0
618 2 1.0
618 3 1.0
618 4 1.0
618 5 1.0
618 6 1.0
618 7 1.0
619 1 1.0
619 2 1.0
619 3 1.0
619 4 1.0
619 5 1.0
619 6 1.0
619 7 1.0
620 1 2.0
620 2 2.0
620 3 2.0
620 4 2.0
620 5 2.0
620 6 2.0
620 7 2.0
621 1 2.0
621 2 2.0
621 3 2.0
621 4 2.0
621 5 2.0
621 6 2.0
621 7 2.0
622 1 2.0
622 2 2.0
622 3 2.0
622 4 2.0
622 5 2.0
622 6 2.0
622 7 2.0
623 1 2.0
623 2 2.0
623 3 2.0
623 4 2.0
623 5 2.0
623 6 2.0
623 7 2.0
624 1 2.0
624 2 2.0
624 3 2.0
624 4 2.0
624 5 2.0
624 6 2.0
624 7 2.0
625 1 2.0
625 2 2.0
625 3 2.0
625 4 2.0
625 5 2.0
625 6 2.0
625 7 2.0
626 1 2.0
626 2 1.0
626 3 1.0
626 4 2.0
626 5 1.0
626 6 1.0
626 7 1.0
627 1 2.0
627 2 2.0
627 3 2.0
627 4 2.0
627 5 2.0
627 6 2.0
627 7 2.0
628 1 1.0
628 2 1.0
628 3 1.0
628 4 1.0
628 5 1.0
628 6 1.0
628 7 1.0
629 1 2.0
629 2 2.0
629 3 2.0
629 4 2.0
629 5 2.0
629 6 2.0
629 7 2.0
630 1 1.0
630 2 1.0
630 3 1.0
630 4 2.0
630 5 1.0
630 6 1.0
630 7 1.0
631 1 1.0
631 2 1.0
631 3 1.0
631 4 1.0
631 5 1.0
631 6 1.0
631 7 1.0
632 1 2.0
632 2 2.0
632 3 2.0
632 4 2.0
632 5 2.0
632 6 2.0
632 7 2.0
633 1 2.0
633 2 2.0
633 3 2.0
633 4 2.0
633 5 2.0
633 6 2.0
633 7 2.0
634 1 2.0
634 2 2.0
634 3 2.0
634 4 2.0
634 5 2.0
634 6 2.0
634 7 2.0
635 1 2.0
635 2 2.0
635 3 2.0
635 4 2.0
635 5 2.0
635 6 2.0
635 7 2.0
636 1 1.0
636 2 1.0
636 3 1.0
636 4 1.0
636 5 1.0
636 6 1.0
636 7 1.0
637 1 2.0
637 2 2.0
637 3 2.0
637 4 2.0
637 5 2.0
637 6 2.0
637 7 2.0
638 1 1.0
638 2 1.0
638 3 1.0
638 4 1.0
638 5 1.0
638 6 1.0
638 7 1.0
639 1 2.0
639 2 2.0
639 3 2.0
639 4 2.0
639 5 2.0
639 6 2.0
639 7 2.0
640 1 1.0
640 2 1.0
640 3 1.0
640 4 1.0
640 5 1.0
640 6 1.0
640 7 1.0
641 1 2.0
641 2 2.0
641 3 2.0
641 4 2.0
641 5 2.0
641 6 2.0
641 7 2.0
642 1 1.0
642 2 1.0
642 3 1.0
642 4 1.0
642 5 1.0
642 6 1.0
642 7 1.0
643 1 1.0
643 2 1.0
643 3 1.0
643 4 1.0
643 5 1.0
643 6 1.0
643 7 1.0
644 1 1.0
644 2 1.0
644 3 1.0
644 4 1.0
644 5 1.0
644 6 1.0
644 7 1.0
645 1 1.0
645 2 1.0
645 3 1.0
645 4 1.0
645 5 1.0
645 6 1.0
645 7 1.0
646 1 2.0
646 2 2.0
646 3 2.0
646 4 2.0
646 5 2.0
646 6 2.0
646 7 2.0
647 1 2.0
647 2 1.0
647 3 2.0
647 4 2.0
647 5 1.0
647 6 2.0
647 7 1.0
648 1 2.0
648 2 2.0
648 3 2.0
648 4 2.0
648 5 2.0
648 6 2.0
648 7 2.0
649 1 1.0
649 2 1.0
649 3 1.0
649 4 1.0
649 5 1.0
649 6 1.0
649 7 1.0
650 1 2.0
650 2 2.0
650 3 2.0
650 4 2.0
650 5 2.0
650 6 2.0
650 7 2.0
651 1 2.0
651 2 2.0
651 3 2.0
651 4 2.0
651 5 2.0
651 6 2.0
651 7 2.0
652 1 2.0
652 2 2.0
652 3 2.0
652 4 2.0
652 5 2.0
652 6 2.0
652 7 2.0
653 1 2.0
653 2 2.0
653 3 2.0
653 4 2.0
653 5 2.0
653 6 2.0
653 7 2.0
654 1 1.0
654 2 1.0
654 3 1.0
654 4 1.0
654 5 1.0
654 6 1.0
654 7 1.0
655 1 1.0
655 2 1.0
655 3 1.0
655 4 1.0
655 5 1.0
655 6 1.0
655 7 1.0
656 1 1.0
656 2 1.0
656 3 1.0
656 4 1.0
656 5 1.0
656 6 1.0
656 7 1.0
657 1 1.0
657 2 1.0
657 3 1.0
657 4 1.0
657 5 1.0
657 6 1.0
657 7 1.0
658 1 1.0
658 2 1.0
658 3 1.0
658 4 1.0
658 5 1.0
658 6 1.0
658 7 1.0
659 1 2.0
659 2 2.0
659 3 2.0
659 4 2.0
659 5 2.0
659 6 2.0
659 7 2.0
660 1 2.0
660 2 2.0
660 3 2.0
660 4 2.0
660 5 2.0
660 6 2.0
660 7 2.0
661 1 2.0
661 2 2.0
661 3 2.0
661 4 2.0
661 5 2.0
661 6 2.0
661 7 2.0
662 1 2.0
662 2 2.0
662 3 2.0
662 4 2.0
662 5 2.0
662 6 2.0
662 7 2.0
663 1 2.0
663 2 2.0
663 3 2.0
663 4 2.0
663 5 2.0
663 6 2.0
663 7 2.0
664 1 2.0
664 2 2.0
664 3 2.0
664 4 2.0
664 5 2.0
664 6 2.0
664 7 2.0
665 1 1.0
665 2 2.0
665 3 1.0
665 4 1.0
665 5 2.0
665 6 1.0
665 7 2.0
666 1 1.0
666 2 1.0
666 3 1.0
666 4 1.0
666 5 1.0
666 6 1.0
666 7 1.0
667 1 2.0
667 2 2.0
667 3 2.0
667 4 2.0
667 5 2.0
667 6 2.0
667 7 2.0
668 1 1.0
668 2 1.0
668 3 1.0
668 4 1.0
668 5 1.0
668 6 1.0
668 7 1.0
669 1 1.0
669 2 1.0
669 3 1.0
669 4 1.0
669 5 1.0
669 6 1.0
669 7 1.0
670 1 2.0
670 2 2.0
670 3 2.0
670 4 2.0
670 5 2.0
670 6 2.0
670 7 2.0
671 1 2.0
671 2 2.0
671 3 2.0
671 4 2.0
671 5 2.0
671 6 2.0
671 7 2.0
672 1 1.0
672 2 1.0
672 3 1.0
672 4 1.0
672 5 1.0
672 6 1.0
672 7 1.0
673 1 2.0
673 2 2.0
673 3 2.0
673 4 2.0
673 5 2.0
673 6 2.0
673 7 2.0
674 1 2.0
674 2 2.0
674 3 2.0
674 4 2.0
674 5 2.0
674 6 2.0
674 7 2.0
675 1 2.0
675 2 2.0
675 3 2.0
675 4 2.0
675 5 2.0
675 6 2.0
675 7 2.0
676 1 2.0
676 2 2.0
676 3 2.0
676 4 2.0
676 5 2.0
676 6 2.0
676 7 2.0
677 1 1.0
677 2 1.0
677 3 1.0
677 4 1.0
677 5 1.0
677 6 1.0
677 7 1.0
678 1 2.0
678 2 2.0
678 3 2.0
678 4 2.0
678 5 2.0
678 6 2.0
678 7 2.0
679 1 2.0
679 2 2.0
679 3 2.0
679 4 2.0
679 5 2.0
679 6 2.0
679 7 2.0
680 1 2.0
680 2 2.0
680 3 2.0
680 4 2.0
680 5 2.0
680 6 2.0
680 7 2.0
681 1 2.0
681 2 2.0
681 3 2.0
681 4 2.0
681 5 2.0
681 6 2.0
681 7 2.0
682 1 2.0
682 2 2.0
682 3 2.0
682 4 2.0
682 5 2.0
682 6 2.0
682 7 2.0
683 1 1.0
683 2 2.0
683 3 1.0
683 4 1.0
683 5 2.0
683 6 2.0
683 7 2.0
684 1 2.0
684 2 1.0
684 3 2.0
684 4 2.0
684 5 1.0
684 6 1.0
684 7 2.0
685 1 1.0
685 2 1.0
685 3 1.0
685 4 1.0
685 5 1.0
685 6 1.0
685 7 1.0
686 1 2.0
686 2 2.0
686 3 2.0
686 4 2.0
686 5 2.0
686 6 2.0
686 7 2.0
687 1 2.0
687 2 2.0
687 3 2.0
687 4 2.0
687 5 2.0
687 6 2.0
687 7 2.0
688 1 1.0
688 2 1.0
688 3 1.0
688 4 1.0
688 5 1.0
688 6 1.0
688 7 1.0
689 1 2.0
689 2 2.0
689 3 2.0
689 4 2.0
689 5 2.0
689 6 2.0
689 7 2.0
690 1 2.0
690 2 2.0
690 3 2.0
690 4 2.0
690 5 2.0
690 6 2.0
690 7 2.0
691 1 2.0
691 2 2.0
691 3 2.0
691 4 2.0
691 5 2.0
691 6 2.0
691 7 2.0
692 1 2.0
692 2 2.0
692 3 2.0
692 4 2.0
692 5 2.0
692 6 2.0
692 7 2.0
693 1 1.0
693 2 1.0
693 3 1.0
693 4 1.0
693 5 1.0
693 6 1.0
693 7 1.0
694 1 1.0
694 2 1.0
694 3 1.0
694 4 1.0
694 5 1.0
694 6 1.0
694 7 1.0
695 1 2.0
695 2 2.0
695 3 2.0
695 4 2.0
695 5 2.0
695 6 2.0
695 7 2.0
696 1 1.0
696 2 1.0
696 3 1.0
696 4 1.0
696 5 1.0
696 6 1.0
696 7 1.0
697 1 1.0
697 2 1.0
697 3 1.0
697 4 1.0
697 5 1.0
697 6 1.0
697 7 1.0
698 1 1.0
698 2 1.0
698 3 1.0
698 4 1.0
698 5 1.0
698 6 1.0
698 7 1.0
699 1 2.0
699 2 2.0
699 3 2.0
699 4 2.0
699 5 2.0
699 6 2.0
699 7 2.0
700 1 1.0
700 2 1.0
700 3 1.0
700 4 1.0
700 5 1.0
700 6 1.0
700 7 1.0
701 1 2.0
701 2 2.0
701 3 2.0
701 4 2.0
701 5 2.0
701 6 2.0
701 7 2.0
702 1 1.0
702 2 1.0
702 3 1.0
702 4 1.0
702 5 1.0
702 6 1.0
702 7 1.0
703 1 1.0
703 2 1.0
703 3 1.0
703 4 1.0
703 5 1.0
703 6 1.0
703 7 1.0
704 1 2.0
704 2 2.0
704 3 2.0
704 4 2.0
704 5 2.0
704 6 2.0
704 7 2.0
705 1 1.0
705 2 1.0
705 3 1.0
705 4 1.0
705 5 1.0
705 6 1.0
705 7 1.0
706 1 1.0
706 2 1.0
706 3 1.0
706 4 1.0
706 5 1.0
706 6 1.0
706 7 1.0
707 1 2.0
707 2 2.0
707 3 2.0
707 4 2.0
707 5 2.0
707 6 2.0
707 7 2.0
708 1 1.0
708 2 1.0
708 3 1.0
708 4 1.0
708 5 1.0
708 6 1.0
708 7 1.0
709 1 1.0
709 2 1.0
709 3 1.0
709 4 1.0
709 5 1.0
709 6 1.0
709 7 1.0
710 1 2.0
710 2 2.0
710 3 2.0
710 4 2.0
710 5 2.0
710 6 2.0
710 7 2.0
711 1 1.0
711 2 1.0
711 3 1.0
711 4 1.0
711 5 1.0
711 6 1.0
711 7 1.0
712 1 1.0
712 2 1.0
712 3 1.0
712 4 1.0
712 5 1.0
712 6 1.0
712 7 1.0
713 1 2.0
713 2 2.0
713 3 2.0
713 4 2.0
713 5 2.0
713 6 2.0
713 7 2.0
714 1 1.0
714 2 1.0
714 3 1.0
714 4 1.0
714 5 1.0
714 6 1.0
714 7 1.0
715 1 2.0
715 2 2.0
715 3 2.0
715 4 2.0
715 5 2.0
715 6 2.0
715 7 2.0
716 1 2.0
716 2 2.0
716 3 2.0
716 4 2.0
716 5 2.0
716 6 2.0
716 7 2.0
717 1 1.0
717 2 1.0
717 3 1.0
717 4 1.0
717 5 1.0
717 6 1.0
717 7 1.0
718 1 2.0
718 2 2.0
718 3 2.0
718 4 2.0
718 5 2.0
718 6 2.0
718 7 2.0
719 1 2.0
719 2 2.0
719 3 2.0
719 4 2.0
719 5 2.0
719 6 2.0
719 7 2.0
720 1 1.0
720 2 2.0
720 3 1.0
720 4 1.0
720 5 2.0
720 6 1.0
720 7 2.0
721 1 2.0
721 2 2.0
721 3 2.0
721 4 2.0
721 5 2.0
721 6 2.0
721 7 2.0
722 1 2.0
722 2 2.0
722 3 2.0
722 4 2.0
722 5 2.0
722 6 2.0
722 7 2.0
723 1 2.0
723 2 2.0
723 3 2.0
723 4 2.0
723 5 2.0
723 6 2.0
723 7 2.0
724 1 2.0
724 2 2.0
724 3 2.0
724 4 2.0
724 5 2.0
724 6 2.0
724 7 2.0
725 1 2.0
725 2 2.0
725 3 2.0
725 4 2.0
725 5 2.0
725 6 2.0
725 7 2.0
726 1 2.0
726 2 2.0
726 3 2.0
726 4 2.0
726 5 2.0
726 6 2.0
726 7 2.0
727 1 2.0
727 2 2.0
727 3 2.0
727 4 2.0
727 5 2.0
727 6 2.0
727 7 2.0
728 1 2.0
728 2 2.0
728 3 2.0
728 4 2.0
728 5 2.0
728 6 2.0
728 7 2.0
729 1 2.0
729 2 2.0
729 3 2.0
729 4 2.0
729 5 2.0
729 6 2.0
729 7 2.0
730 1 1.0
730 2 1.0
730 3 1.0
730 4 1.0
730 5 1.0
730 6 1.0
730 7 1.0
731 1 1.0
731 2 1.0
731 3 1.0
731 4 1.0
731 5 1.0
731 6 1.0
731 7 1.0
732 1 1.0
732 2 1.0
732 3 1.0
732 4 1.0
732 5 1.0
732 6 1.0
732 7 1.0
733 1 2.0
733 2 2.0
733 3 2.0
733 4 2.0
733 5 2.0
733 6 2.0
733 7 2.0
734 1 1.0
734 2 1.0
734 3 1.0
734 4 1.0
734 5 1.0
734 6 1.0
734 7 1.0
735 1 2.0
735 2 2.0
735 3 2.0
735 4 2.0
735 5 2.0
735 6 2.0
735 7 2.0
736 1 1.0
736 2 1.0
736 3 1.0
736 4 1.0
736 5 1.0
736 6 1.0
736 7 1.0
737 1 2.0
737 2 2.0
737 3 2.0
737 4 2.0
737 5 2.0
737 6 2.0
737 7 2.0
738 1 2.0
738 2 2.0
738 3 2.0
738 4 2.0
738 5 2.0
738 6 2.0
738 7 2.0
739 1 2.0
739 2 2.0
739 3 2.0
739 4 2.0
739 5 2.0
739 6 2.0
739 7 2.0
740 1 2.0
740 2 2.0
740 3 2.0
740 4 2.0
740 5 2.0
740 6 2.0
740 7 2.0
741 1 1.0
741 2 1.0
741 3 1.0
741 4 1.0
741 5 1.0
741 6 1.0
741 7 1.0
742 1 1.0
742 2 1.0
742 3 1.0
742 4 1.0
742 5 1.0
742 6 1.0
742 7 1.0
743 1 2.0
743 2 2.0
743 3 2.0
743 4 2.0
743 5 2.0
743 6 2.0
743 7 2.0
744 1 1.0
744 2 1.0
744 3 1.0
744 4 1.0
744 5 1.0
744 6 1.0
744 7 1.0
745 1 2.0
745 2 2.0
745 3 2.0
745 4 2.0
745 5 2.0
745 6 2.0
745 7 2.0
746 1 1.0
746 2 1.0
746 3 1.0
746 4 1.0
746 5 1.0
746 6 1.0
746 7 1.0
747 1 2.0
747 2 2.0
747 3 2.0
747 4 2.0
747 5 2.0
747 6 2.0
747 7 2.0
748 1 1.0
748 2 1.0
748 3 1.0
748 4 1.0
748 5 1.0
748 6 1.0
748 7 1.0
749 1 2.0
749 2 2.0
749 3 2.0
749 4 2.0
749 5 2.0
749 6 2.0
749 7 2.0
750 1 2.0
750 2 2.0
750 3 2.0
750 4 2.0
750 5 2.0
750 6 2.0
750 7 2.0
751 1 1.0
751 2 1.0
751 3 1.0
751 4 1.0
751 5 1.0
751 6 1.0
751 7 1.0
752 1 1.0
752 2 1.0
752 3 1.0
752 4 1.0
752 5 1.0
752 6 1.0
752 7 1.0
753 1 1.0
753 2 1.0
753 3 1.0
753 4 1.0
753 5 1.0
753 6 1.0
753 7 1.0
754 1 2.0
754 2 2.0
754 3 2.0
754 4 2.0
754 5 2.0
754 6 2.0
754 7 2.0
755 1 2.0
755 2 2.0
755 3 2.0
755 4 2.0
755 5 2.0
755 6 2.0
755 7 2.0
756 1 1.0
756 2 1.0
756 3 1.0
756 4 1.0
756 5 1.0
756 6 1.0
756 7 1.0
757 1 1.0
757 2 1.0
757 3 1.0
757 4 1.0
757 5 1.0
757 6 1.0
757 7 1.0
758 1 1.0
758 2 1.0
758 3 1.0
758 4 1.0
758 5 1.0
758 6 1.0
758 7 1.0
759 1 1.0
759 2 1.0
759 3 1.0
759 4 1.0
759 5 1.0
759 6 1.0
759 7 1.0
760 1 2.0
760 2 2.0
760 3 2.0
760 4 2.0
760 5 2.0
760 6 2.0
760 7 2.0
761 1 2.0
761 2 2.0
761 3 2.0
761 4 2.0
761 5 2.0
761 6 2.0
761 7 2.0
762 1 1.0
762 2 1.0
762 3 1.0
762 4 1.0
762 5 1.0
762 6 1.0
762 7 1.0
763 1 1.0
763 2 1.0
763 3 1.0
763 4 1.0
763 5 1.0
763 6 1.0
763 7 1.0
764 1 1.0
764 2 1.0
764 3 1.0
764 4 1.0
764 5 1.0
764 6 1.0
764 7 1.0
765 1 1.0
765 2 1.0
765 3 1.0
765 4 1.0
765 5 1.0
765 6 1.0
765 7 1.0
766 1 2.0
766 2 2.0
766 3 2.0
766 4 2.0
766 5 2.0
766 6 2.0
766 7 2.0
767 1 2.0
767 2 2.0
767 3 2.0
767 4 2.0
767 5 2.0
767 6 2.0
767 7 2.0
768 1 2.0
768 2 2.0
768 3 2.0
768 4 2.0
768 5 2.0
768 6 2.0
768 7 2.0
769 1 2.0
769 2 2.0
769 3 2.0
769 4 2.0
769 5 2.0
769 6 2.0
769 7 2.0
770 1 2.0
770 2 2.0
770 3 2.0
770 4 2.0
770 5 2.0
770 6 2.0
770 7 2.0
771 1 2.0
771 2 2.0
771 3 2.0
771 4 2.0
771 5 2.0
771 6 2.0
771 7 2.0
772 1 1.0
772 2 1.0
772 3 1.0
772 4 1.0
772 5 1.0
772 6 1.0
772 7 1.0
773 1 1.0
773 2 2.0
773 3 1.0
773 4 1.0
773 5 2.0
773 6 2.0
773 7 2.0
774 1 1.0
774 2 1.0
774 3 1.0
774 4 1.0
774 5 1.0
774 6 1.0
774 7 1.0
775 1 2.0
775 2 2.0
775 3 2.0
775 4 2.0
775 5 2.0
775 6 2.0
775 7 2.0
776 1 2.0
776 2 2.0
776 3 2.0
776 4 2.0
776 5 2.0
776 6 2.0
776 7 2.0
777 1 2.0
777 2 2.0
777 3 2.0
777 4 2.0
777 5 2.0
777 6 2.0
777 7 2.0
778 1 2.0
778 2 2.0
778 3 2.0
778 4 2.0
778 5 2.0
778 6 2.0
778 7 2.0
779 1 2.0
779 2 2.0
779 3 2.0
779 4 2.0
779 5 2.0
779 6 2.0
779 7 2.0
780 1 2.0
780 2 2.0
780 3 2.0
780 4 2.0
780 5 2.0
780 6 2.0
780 7 2.0
781 1 2.0
781 2 2.0
781 3 2.0
781 4 2.0
781 5 2.0
781 6 2.0
781 7 2.0
782 1 2.0
782 2 2.0
782 3 2.0
782 4 2.0
782 5 2.0
782 6 2.0
782 7 2.0
783 1 2.0
783 2 1.0
783 3 1.0
783 4 2.0
783 5 1.0
783 6 1.0
783 7 1.0
784 1 2.0
784 2 2.0
784 3 2.0
784 4 2.0
784 5 2.0
784 6 2.0
784 7 2.0
785 1 1.0
785 2 1.0
785 3 1.0
785 4 1.0
785 5 1.0
785 6 1.0
785 7 1.0
786 1 2.0
786 2 2.0
786 3 2.0
786 4 2.0
786 5 2.0
786 6 2.0
786 7 2.0
787 1 1.0
787 2 1.0
787 3 1.0
787 4 1.0
787 5 1.0
787 6 1.0
787 7 1.0
788 1 2.0
788 2 2.0
788 3 2.0
788 4 2.0
788 5 2.0
788 6 2.0
788 7 2.0
789 1 2.0
789 2 2.0
789 3 2.0
789 4 2.0
789 5 2.0
789 6 2.0
789 7 2.0
790 1 2.0
790 2 2.0
790 3 2.0
790 4 2.0
790 5 2.0
790 6 2.0
790 7 2.0
791 1 1.0
791 2 1.0
791 3 1.0
791 4 1.0
791 5 1.0
791 6 1.0
791 7 1.0
792 1 2.0
792 2 2.0
792 3 2.0
792 4 2.0
792 5 2.0
792 6 2.0
792 7 2.0
793 1 2.0
793 2 2.0
793 3 2.0
793 4 2.0
793 5 2.0
793 6 2.0
793 7 2.0
794 1 2.0
794 2 2.0
794 3 2.0
794 4 2.0
794 5 2.0
794 6 2.0
794 7 2.0
795 1 1.0
795 2 1.0
795 3 1.0
795 4 1.0
795 5 1.0
795 6 1.0
795 7 1.0
796 1 2.0
796 2 2.0
796 3 1.0
796 4 2.0
796 5 2.0
796 6 2.0
796 7 2.0
797 1 2.0
797 2 2.0
797 3 2.0
797 4 2.0
797 5 2.0
797 6 2.0
797 7 2.0
798 1 2.0
798 2 2.0
798 3 2.0
798 4 2.0
798 5 2.0
798 6 2.0
798 7 2.0
799 1 2.0
799 2 2.0
799 3 2.0
799 4 2.0
799 5 2.0
799 6 2.0
799 7 2.0
800 1 1.0
800 2 1.0
800 3 1.0
800 4 1.0
800 5 1.0
800 6 1.0
800 7 1.0
801 1 1.0
801 2 1.0
801 3 1.0
801 4 1.0
801 5 1.0
801 6 1.0
801 7 1.0
802 1 2.0
802 2 2.0
802 3 2.0
802 4 2.0
802 5 2.0
802 6 2.0
802 7 2.0
803 1 2.0
803 2 2.0
803 3 2.0
803 4 2.0
803 5 2.0
803 6 2.0
803 7 2.0
804 1 1.0
804 2 1.0
804 3 1.0
804 4 1.0
804 5 1.0
804 6 1.0
804 7 1.0
805 1 1.0
805 2 1.0
805 3 1.0
805 4 1.0
805 5 1.0
805 6 1.0
805 7 1.0
806 1 1.0
806 2 1.0
806 3 1.0
806 4 1.0
806 5 1.0
806 6 1.0
806 7 1.0
807 1 2.0
807 2 1.0
807 3 2.0
807 4 2.0
807 5 1.0
807 6 2.0
807 7 2.0
808 1 2.0
808 2 2.0
808 3 2.0
808 4 2.0
808 5 2.0
808 6 2.0
808 7 2.0
809 1 2.0
809 2 2.0
809 3 2.0
809 4 2.0
809 5 2.0
809 6 2.0
809 7 2.0
810 1 1.0
810 2 1.0
810 3 1.0
810 4 1.0
810 5 1.0
810 6 1.0
810 7 1.0
811 1 1.0
811 2 1.0
811 3 1.0
811 4 1.0
811 5 1.0
811 6 1.0
811 7 1.0
812 1 1.0
812 2 1.0
812 3 1.0
812 4 1.0
812 5 1.0
812 6 1.0
812 7 1.0
813 1 1.0
813 2 1.0
813 3 1.0
813 4 1.0
813 5 1.0
813 6 1.0
813 7 1.0
814 1 2.0
814 2 2.0
814 3 2.0
814 4 2.0
814 5 2.0
814 6 2.0
814 7 2.0
815 1 1.0
815 2 1.0
815 3 1.0
815 4 1.0
815 5 1.0
815 6 1.0
815 7 1.0
816 1 1.0
816 2 1.0
816 3 1.0
816 4 1.0
816 5 1.0
816 6 1.0
816 7 1.0
817 1 1.0
817 2 1.0
817 3 1.0
817 4 1.0
817 5 1.0
817 6 1.0
817 7 1.0
818 1 1.0
818 2 1.0
818 3 1.0
818 4 1.0
818 5 1.0
818 6 1.0
818 7 1.0
819 1 2.0
819 2 2.0
819 3 2.0
819 4 2.0
819 5 2.0
819 6 2.0
819 7 2.0
820 1 2.0
820 2 2.0
820 3 2.0
820 4 2.0
820 5 2.0
820 6 2.0
820 7 2.0
821 1 1.0
821 2 1.0
821 3 1.0
821 4 1.0
821 5 1.0
821 6 1.0
821 7 1.0
822 1 1.0
822 2 1.0
822 3 1.0
822 4 1.0
822 5 1.0
822 6 1.0
822 7 1.0
823 1 2.0
823 2 2.0
823 3 2.0
823 4 2.0
823 5 2.0
823 6 2.0
823 7 2.0
824 1 2.0
824 2 2.0
824 3 2.0
824 4 2.0
824 5 2.0
824 6 2.0
824 7 2.0
825 1 2.0
825 2 2.0
825 3 2.0
825 4 2.0
825 5 2.0
825 6 2.0
825 7 2.0
826 1 1.0
826 2 1.0
826 3 1.0
826 4 1.0
826 5 1.0
826 6 1.0
826 7 1.0
827 1 1.0
827 2 1.0
827 3 1.0
827 4 1.0
827 5 1.0
827 6 1.0
827 7 1.0
828 1 2.0
828 2 2.0
828 3 2.0
828 4 2.0
828 5 2.0
828 6 2.0
828 7 2.0
829 1 1.0
829 2 1.0
829 3 1.0
829 4 1.0
829 5 1.0
829 6 1.0
829 7 1.0
830 1 2.0
830 2 2.0
830 3 2.0
830 4 2.0
830 5 2.0
830 6 2.0
830 7 2.0
831 1 2.0
831 2 2.0
831 3 2.0
831 4 2.0
831 5 2.0
831 6 2.0
831 7 2.0
832 1 1.0
832 2 1.0
832 3 1.0
832 4 1.0
832 5 1.0
832 6 1.0
832 7 1.0
833 1 1.0
833 2 1.0
833 3 1.0
833 4 1.0
833 5 1.0
833 6 1.0
833 7 1.0
834 1 2.0
834 2 2.0
834 3 2.0
834 4 2.0
834 5 2.0
834 6 2.0
834 7 2.0
835 1 2.0
835 2 2.0
835 3 2.0
835 4 2.0
835 5 2.0
835 6 2.0
835 7 2.0
836 1 1.0
836 2 1.0
836 3 1.0
836 4 1.0
836 5 1.0
836 6 1.0
836 7 1.0
837 1 1.0
837 2 2.0
837 3 1.0
837 4 1.0
837 5 2.0
837 6 1.0
837 7 2.0
838 1 2.0
838 2 2.0
838 3 2.0
838 4 2.0
838 5 2.0
838 6 2.0
838 7 2.0
839 1 1.0
839 2 1.0
839 3 1.0
839 4 1.0
839 5 1.0
839 6 1.0
839 7 1.0
840 1 1.0
840 2 2.0
840 3 1.0
840 4 1.0
840 5 1.0
840 6 2.0
840 7 2.0
841 1 2.0
841 2 2.0
841 3 2.0
841 4 2.0
841 5 2.0
841 6 2.0
841 7 2.0
842 1 2.0
842 2 2.0
842 3 2.0
842 4 2.0
842 5 2.0
842 6 2.0
842 7 2.0
843 1 1.0
843 2 1.0
843 3 1.0
843 4 1.0
843 5 1.0
843 6 1.0
843 7 1.0
844 1 2.0
844 2 2.0
844 3 2.0
844 4 2.0
844 5 2.0
844 6 2.0
844 7 2.0
845 1 2.0
845 2 2.0
845 3 2.0
845 4 2.0
845 5 2.0
845 6 2.0
845 7 2.0
846 1 1.0
846 2 1.0
846 3 1.0
846 4 1.0
846 5 1.0
846 6 1.0
846 7 1.0
847 1 2.0
847 2 2.0
847 3 2.0
847 4 2.0
847 5 2.0
847 6 2.0
847 7 2.0
848 1 2.0
848 2 2.0
848 3 2.0
848 4 2.0
848 5 2.0
848 6 2.0
848 7 2.0
849 1 2.0
849 2 2.0
849 3 2.0
849 4 2.0
849 5 2.0
849 6 2.0
849 7 2.0
850 1 2.0
850 2 2.0
850 3 2.0
850 4 2.0
850 5 2.0
850 6 2.0
850 7 2.0
851 1 1.0
851 2 1.0
851 3 1.0
851 4 1.0
851 5 1.0
851 6 1.0
851 7 1.0
852 1 2.0
852 2 2.0
852 3 2.0
852 4 2.0
852 5 2.0
852 6 2.0
852 7 2.0
853 1 2.0
853 2 2.0
853 3 2.0
853 4 2.0
853 5 2.0
853 6 2.0
853 7 2.0
854 1 2.0
854 2 2.0
854 3 2.0
854 4 2.0
854 5 2.0
854 6 2.0
854 7 2.0
855 1 2.0
855 2 2.0
855 3 2.0
855 4 2.0
855 5 2.0
855 6 2.0
855 7 2.0
856 1 1.0
856 2 1.0
856 3 1.0
856 4 1.0
856 5 1.0
856 6 1.0
856 7 1.0
857 1 1.0
857 2 1.0
857 3 1.0
857 4 1.0
857 5 1.0
857 6 1.0
857 7 1.0
858 1 2.0
858 2 2.0
858 3 2.0
858 4 2.0
858 5 2.0
858 6 2.0
858 7 2.0
859 1 2.0
859 2 2.0
859 3 2.0
859 4 2.0
859 5 2.0
859 6 2.0
859 7 2.0
860 1 2.0
860 2 2.0
860 3 2.0
860 4 2.0
860 5 2.0
860 6 2.0
860 7 2.0
861 1 2.0
861 2 2.0
861 3 2.0
861 4 2.0
861 5 2.0
861 6 2.0
861 7 2.0
862 1 2.0
862 2 2.0
862 3 2.0
862 4 2.0
862 5 2.0
862 6 2.0
862 7 2.0
863 1 2.0
863 2 2.0
863 3 2.0
863 4 2.0
863 5 2.0
863 6 2.0
863 7 2.0
864 1 1.0
864 2 2.0
864 3 1.0
864 4 1.0
864 5 2.0
864 6 1.0
864 7 2.0
865 1 1.0
865 2 1.0
865 3 1.0
865 4 1.0
865 5 1.0
865 6 1.0
865 7 1.0
866 1 2.0
866 2 2.0
866 3 2.0
866 4 2.0
866 5 2.0
866 6 2.0
866 7 2.0
867 1 2.0
867 2 2.0
867 3 2.0
867 4 2.0
867 5 2.0
867 6 2.0
867 7 2.0
868 1 1.0
868 2 1.0
868 3 1.0
868 4 1.0
868 5 1.0
868 6 1.0
868 7 1.0
869 1 1.0
869 2 1.0
869 3 1.0
869 4 1.0
869 5 1.0
869 6 1.0
869 7 1.0
870 1 1.0
870 2 1.0
870 3 1.0
870 4 1.0
870 5 1.0
870 6 1.0
870 7 1.0
871 1 2.0
871 2 2.0
871 3 2.0
871 4 2.0
871 5 2.0
871 6 2.0
871 7 2.0
872 1 2.0
872 2 2.0
872 3 2.0
872 4 2.0
872 5 2.0
872 6 2.0
872 7 2.0
873 1 2.0
873 2 2.0
873 3 2.0
873 4 2.0
873 5 2.0
873 6 2.0
873 7 2.0
874 1 1.0
874 2 1.0
874 3 1.0
874 4 1.0
874 5 1.0
874 6 1.0
874 7 1.0
875 1 2.0
875 2 2.0
875 3 2.0
875 4 2.0
875 5 2.0
875 6 2.0
875 7 2.0
876 1 2.0
876 2 2.0
876 3 2.0
876 4 2.0
876 5 1.0
876 6 2.0
876 7 1.0
877 1 1.0
877 2 1.0
877 3 1.0
877 4 1.0
877 5 1.0
877 6 1.0
877 7 1.0
878 1 2.0
878 2 2.0
878 3 2.0
878 4 2.0
878 5 2.0
878 6 2.0
878 7 2.0
879 1 2.0
879 2 2.0
879 3 2.0
879 4 2.0
879 5 2.0
879 6 2.0
879 7 2.0
880 1 1.0
880 2 1.0
880 3 1.0
880 4 1.0
880 5 1.0
880 6 1.0
880 7 1.0
881 1 2.0
881 2 2.0
881 3 2.0
881 4 2.0
881 5 2.0
881 6 2.0
881 7 2.0
882 1 1.0
882 2 1.0
882 3 1.0
882 4 1.0
882 5 1.0
882 6 1.0
882 7 1.0
883 1 2.0
883 2 2.0
883 3 2.0
883 4 2.0
883 5 2.0
883 6 2.0
883 7 2.0
884 1 1.0
884 2 1.0
884 3 1.0
884 4 1.0
884 5 1.0
884 6 1.0
884 7 1.0
885 1 1.0
885 2 1.0
885 3 1.0
885 4 1.0
885 5 1.0
885 6 1.0
885 7 1.0
886 1 1.0
886 2 1.0
886 3 1.0
886 4 1.0
886 5 1.0
886 6 1.0
886 7 1.0
887 1 2.0
887 2 2.0
887 3 2.0
887 4 2.0
887 5 2.0
887 6 2.0
887 7 2.0
888 1 1.0
888 2 1.0
888 3 1.0
888 4 1.0
888 5 1.0
888 6 1.0
888 7 1.0
889 1 1.0
889 2 1.0
889 3 1.0
889 4 1.0
889 5 1.0
889 6 1.0
889 7 1.0
890 1 2.0
890 2 2.0
890 3 2.0
890 4 2.0
890 5 2.0
890 6 2.0
890 7 2.0
891 1 1.0
891 2 1.0
891 3 1.0
891 4 1.0
891 5 1.0
891 6 1.0
891 7 1.0
892 1 1.0
892 2 1.0
892 3 1.0
892 4 1.0
892 5 1.0
892 6 1.0
892 7 1.0
893 1 1.0
893 2 1.0
893 3 1.0
893 4 1.0
893 5 1.0
893 6 1.0
893 7 1.0
894 1 1.0
894 2 1.0
894 3 1.0
894 4 1.0
894 5 1.0
894 6 1.0
894 7 1.0
895 1 2.0
895 2 2.0
895 3 2.0
895 4 2.0
895 5 2.0
895 6 2.0
895 7 2.0
896 1 2.0
896 2 2.0
896 3 2.0
896 4 2.0
896 5 2.0
896 6 2.0
896 7 2.0
897 1 1.0
897 2 1.0
897 3 1.0
897 4 1.0
897 5 1.0
897 6 1.0
897 7 1.0
898 1 2.0
898 2 2.0
898 3 2.0
898 4 2.0
898 5 2.0
898 6 2.0
898 7 2.0
899 1 2.0
899 2 2.0
899 3 2.0
899 4 2.0
899 5 2.0
899 6 2.0
899 7 2.0
900 1 1.0
900 2 1.0
900 3 1.0
900 4 1.0
900 5 1.0
900 6 1.0
900 7 1.0
901 1 2.0
901 2 2.0
901 3 2.0
901 4 2.0
901 5 2.0
901 6 2.0
901 7 2.0
902 1 2.0
902 2 2.0
902 3 2.0
902 4 2.0
902 5 2.0
902 6 2.0
902 7 2.0
903 1 1.0
903 2 1.0
903 3 1.0
903 4 1.0
903 5 1.0
903 6 1.0
903 7 1.0
904 1 1.0
904 2 1.0
904 3 1.0
904 4 1.0
904 5 1.0
904 6 1.0
904 7 1.0
905 1 1.0
905 2 1.0
905 3 1.0
905 4 1.0
905 5 1.0
905 6 1.0
905 7 1.0
906 1 1.0
906 2 1.0
906 3 1.0
906 4 1.0
906 5 1.0
906 6 1.0
906 7 1.0
907 1 2.0
907 2 2.0
907 3 2.0
907 4 2.0
907 5 2.0
907 6 2.0
907 7 2.0
908 1 1.0
908 2 1.0
908 3 1.0
908 4 1.0
908 5 1.0
908 6 1.0
908 7 1.0
909 1 1.0
909 2 1.0
909 3 1.0
909 4 1.0
909 5 1.0
909 6 1.0
909 7 1.0
910 1 2.0
910 2 2.0
910 3 2.0
910 4 2.0
910 5 2.0
910 6 2.0
910 7 2.0
911 1 1.0
911 2 2.0
911 3 2.0
911 4 1.0
911 5 2.0
911 6 2.0
911 7 2.0
912 1 2.0
912 2 2.0
912 3 2.0
912 4 2.0
912 5 2.0
912 6 2.0
912 7 2.0
913 1 2.0
913 2 2.0
913 3 2.0
913 4 2.0
913 5 2.0
913 6 2.0
913 7 2.0
914 1 1.0
914 2 1.0
914 3 1.0
914 4 1.0
914 5 1.0
914 6 1.0
914 7 1.0
915 1 1.0
915 2 1.0
915 3 1.0
915 4 1.0
915 5 1.0
915 6 1.0
915 7 1.0
916 1 1.0
916 2 1.0
916 3 1.0
916 4 2.0
916 5 1.0
916 6 1.0
916 7 2.0
917 1 1.0
917 2 1.0
917 3 1.0
917 4 1.0
917 5 1.0
917 6 1.0
917 7 1.0
918 1 1.0
918 2 1.0
918 3 1.0
918 4 1.0
918 5 1.0
918 6 1.0
918 7 1.0
919 1 1.0
919 2 1.0
919 3 1.0
919 4 1.0
919 5 1.0
919 6 1.0
919 7 1.0
920 1 1.0
920 2 1.0
920 3 1.0
920 4 1.0
920 5 1.0
920 6 1.0
920 7 1.0
921 1 1.0
921 2 1.0
921 3 1.0
921 4 1.0
921 5 1.0
921 6 1.0
921 7 1.0
922 1 1.0
922 2 1.0
922 3 1.0
922 4 1.0
922 5 1.0
922 6 1.0
922 7 1.0
923 1 1.0
923 2 1.0
923 3 1.0
923 4 1.0
923 5 1.0
923 6 1.0
923 7 1.0
924 1 2.0
924 2 2.0
924 3 2.0
924 4 2.0
924 5 2.0
924 6 2.0
924 7 2.0
925 1 2.0
925 2 2.0
925 3 2.0
925 4 2.0
925 5 2.0
925 6 2.0
925 7 2.0
926 1 1.0
926 2 1.0
926 3 1.0
926 4 1.0
926 5 1.0
926 6 1.0
926 7 1.0
927 1 1.0
927 2 1.0
927 3 1.0
927 4 1.0
927 5 1.0
927 6 1.0
927 7 1.0
928 1 2.0
928 2 2.0
928 3 2.0
928 4 2.0
928 5 2.0
928 6 2.0
928 7 2.0
929 1 1.0
929 2 1.0
929 3 1.0
929 4 1.0
929 5 1.0
929 6 1.0
929 7 1.0
930 1 2.0
930 2 2.0
930 3 2.0
930 4 2.0
930 5 2.0
930 6 2.0
930 7 2.0
931 1 1.0
931 2 1.0
931 3 1.0
931 4 1.0
931 5 1.0
931 6 1.0
931 7 1.0
932 1 1.0
932 2 1.0
932 3 1.0
932 4 1.0
932 5 1.0
932 6 1.0
932 7 1.0
933 1 1.0
933 2 1.0
933 3 1.0
933 4 1.0
933 5 1.0
933 6 1.0
933 7 1.0
934 1 2.0
934 2 2.0
934 3 2.0
934 4 2.0
934 5 2.0
934 6 2.0
934 7 2.0
935 1 2.0
935 2 2.0
935 3 2.0
935 4 2.0
935 5 2.0
935 6 2.0
935 7 2.0
936 1 2.0
936 2 2.0
936 3 2.0
936 4 2.0
936 5 2.0
936 6 2.0
936 7 2.0
937 1 1.0
937 2 1.0
937 3 1.0
937 4 1.0
937 5 1.0
937 6 1.0
937 7 1.0
938 1 2.0
938 2 2.0
938 3 2.0
938 4 2.0
938 5 2.0
938 6 2.0
938 7 2.0
939 1 1.0
939 2 1.0
939 3 1.0
939 4 1.0
939 5 1.0
939 6 1.0
939 7 1.0
940 1 1.0
940 2 1.0
940 3 1.0
940 4 1.0
940 5 1.0
940 6 1.0
940 7 1.0
941 1 1.0
941 2 1.0
941 3 1.0
941 4 1.0
941 5 1.0
941 6 1.0
941 7 1.0
942 1 1.0
942 2 1.0
942 3 1.0
942 4 1.0
942 5 1.0
942 6 1.0
942 7 1.0
943 1 1.0
943 2 2.0
943 3 1.0
943 4 1.0
943 5 2.0
943 6 1.0
943 7 2.0
944 1 1.0
944 2 1.0
944 3 1.0
944 4 1.0
944 5 1.0
944 6 1.0
944 7 1.0
945 1 2.0
945 2 2.0
945 3 2.0
945 4 2.0
945 5 2.0
945 6 2.0
945 7 2.0
946 1 1.0
946 2 1.0
946 3 1.0
946 4 1.0
946 5 1.0
946 6 1.0
946 7 1.0
947 1 2.0
947 2 2.0
947 3 2.0
947 4 2.0
947 5 2.0
947 6 2.0
947 7 2.0
948 1 1.0
948 2 1.0
948 3 1.0
948 4 1.0
948 5 1.0
948 6 1.0
948 7 1.0
949 1 2.0
949 2 2.0
949 3 2.0
949 4 2.0
949 5 2.0
949 6 2.0
949 7 2.0
950 1 2.0
950 2 2.0
950 3 2.0
950 4 2.0
950 5 2.0
950 6 2.0
950 7 2.0
951 1 1.0
951 2 1.0
951 3 1.0
951 4 1.0
951 5 1.0
951 6 1.0
951 7 1.0
952 1 1.0
952 2 1.0
952 3 1.0
952 4 1.0
952 5 1.0
952 6 1.0
952 7 1.0
953 1 1.0
953 2 1.0
953 3 2.0
953 4 1.0
953 5 1.0
953 6 2.0
953 7 1.0
954 1 1.0
954 2 1.0
954 3 1.0
954 4 1.0
954 5 1.0
954 6 1.0
954 7 1.0
955 1 1.0
955 2 1.0
955 3 1.0
955 4 1.0
955 5 1.0
955 6 1.0
955 7 1.0
956 1 2.0
956 2 2.0
956 3 2.0
956 4 2.0
956 5 2.0
956 6 2.0
956 7 2.0
957 1 2.0
957 2 2.0
957 3 2.0
957 4 2.0
957 5 2.0
957 6 2.0
957 7 2.0
958 1 1.0
958 2 1.0
958 3 1.0
958 4 1.0
958 5 1.0
958 6 1.0
958 7 1.0
959 1 2.0
959 2 2.0
959 3 2.0
959 4 2.0
959 5 2.0
959 6 2.0
959 7 2.0
