1 1 1
1 2 1
1 3 2
2 1 1
2 2 1
2 3 2
3 1 2
3 2 2
3 3 1
4 1 2
4 2 2
4 3 1
5 1 1
5 2 1
5 3 2
6 1 1
6 2 1
6 3 2
7 1 1
7 2 1
7 3 2
8 1 1
8 2 1
8 3 2
9 1 2
9 2 1
9 3 1
10 1 2
10 2 2
10 3 1
11 1 1
11 2 1
11 3 2
12 1 2
12 2 1
12 3 1
13 1 2
13 2 1
13 3 1
14 1 1
14 2 1
14 3 2
15 1 2
15 2 1
15 3 1
16 1 2
16 2 2
16 3 1
17 1 1
17 2 1
17 3 2
18 1 2
18 2 2
18 3 1
19 1 2
19 2 2
19 3 1
20 1 1
20 2 1
20 3 2
21 1 1
21 2 1
21 3 2
22 1 1
22 2 2
22 3 2
23 1 2
23 2 2
23 3 1
24 1 2
24 2 1
24 3 1
25 1 1
25 2 1
25 3 2
26 1 1
26 2 1
26 3 2
27 1 1
27 2 1
27 3 2
28 1 1
28 2 1
28 3 2
29 1 1
29 2 1
29 3 2
30 1 2
30 2 2
30 3 1
31 1 1
31 2 1
31 3 2
32 1 1
32 2 1
32 3 2
33 1 2
33 2 2
33 3 1
34 1 2
34 2 1
34 3 1
35 1 2
35 2 2
35 3 1
36 1 1
36 2 1
36 3 2
37 1 1
37 2 1
37 3 2
38 1 1
38 2 1
38 3 2
39 1 2
39 2 2
39 3 1
40 1 2
40 2 2
40 3 1
41 1 2
41 2 2
41 3 1
42 1 1
42 2 1
42 3 2
43 1 1
43 2 1
43 3 2
44 1 1
44 2 1
44 3 2
45 1 2
45 2 1
45 3 1
46 1 1
46 2 1
46 3 2
47 1 2
47 2 1
47 3 1
48 1 1
48 2 1
48 3 2
49 1 1
49 2 1
49 3 2
50 1 2
50 2 2
50 3 1
51 1 2
51 2 1
51 3 1
52 1 1
52 2 1
52 3 2
53 1 2
53 2 2
53 3 1
54 1 2
54 2 2
54 3 1
55 1 2
55 2 2
55 3 1
56 1 1
56 2 1
56 3 2
57 1 1
57 2 1
57 3 2
58 1 2
58 2 2
58 3 1
59 1 1
59 2 1
59 3 2
60 1 1
60 2 1
60 3 2
61 1 2
61 2 2
61 3 1
62 1 1
62 2 1
62 3 2
63 1 1
63 2 1
63 3 2
64 1 1
64 2 1
64 3 2
65 1 1
65 2 1
65 3 2
66 1 1
66 2 1
66 3 2
67 1 1
67 2 1
67 3 2
68 1 2
68 2 2
68 3 1
69 1 2
69 2 2
69 3 1
70 1 1
70 2 1
70 3 2
71 1 2
71 2 1
71 3 1
72 1 2
72 2 1
72 3 1
73 1 1
73 2 1
73 3 2
74 1 1
74 2 1
74 3 2
75 1 1
75 2 1
75 3 2
76 1 1
76 2 1
76 3 2
77 1 2
77 2 2
77 3 1
78 1 2
78 2 2
78 3 1
79 1 2
79 2 2
79 3 1
80 1 1
80 2 1
80 3 2
81 1 2
81 2 1
81 3 1
82 1 1
82 2 1
82 3 2
83 1 2
83 2 1
83 3 1
84 1 1
84 2 1
84 3 2
85 1 1
85 2 1
85 3 2
86 1 1
86 2 1
86 3 2
87 1 1
87 2 1
87 3 2
88 1 1
88 2 1
88 3 2
89 1 2
89 2 2
89 3 1
90 1 2
90 2 2
90 3 1
91 1 2
91 2 2
91 3 1
92 1 1
92 2 1
92 3 2
93 1 2
93 2 2
93 3 1
94 1 2
94 2 2
94 3 1
95 1 2
95 2 2
95 3 1
96 1 1
96 2 1
96 3 2
97 1 2
97 2 2
97 3 1
98 1 2
98 2 1
98 3 1
99 1 2
99 2 1
99 3 1
100 1 2
100 2 1
100 3 1
101 1 1
101 2 1
101 3 2
102 1 1
102 2 1
102 3 2
103 1 1
103 2 1
103 3 2
104 1 1
104 2 1
104 3 2
105 1 2
105 2 2
105 3 1
106 1 1
106 2 1
106 3 1
107 1 2
107 2 2
107 3 1
108 1 1
108 2 1
108 3 2
109 1 2
109 2 2
109 3 1
110 1 1
110 2 1
110 3 2
111 1 2
111 2 2
111 3 1
112 1 1
112 2 1
112 3 2
113 1 1
113 2 1
113 3 2
114 1 1
114 2 1
114 3 2
115 1 2
115 2 1
115 3 1
116 1 2
116 2 2
116 3 1
117 1 2
117 2 2
117 3 1
118 1 2
118 2 2
118 3 1
119 1 2
119 2 2
119 3 1
120 1 2
120 2 2
120 3 1
121 1 1
121 2 1
121 3 1
122 1 1
122 2 1
122 3 2
123 1 2
123 2 2
123 3 1
124 1 2
124 2 2
124 3 1
125 1 1
125 2 1
125 3 2
126 1 1
126 2 1
126 3 2
127 1 2
127 2 2
127 3 1
128 1 2
128 2 2
128 3 1
129 1 1
129 2 1
129 3 2
130 1 1
130 2 1
130 3 2
131 1 1
131 2 1
131 3 2
132 1 2
132 2 2
132 3 1
133 1 1
133 2 1
133 3 2
134 1 2
134 2 2
134 3 1
135 1 1
135 2 1
135 3 2
136 1 2
136 2 2
136 3 1
137 1 2
137 2 2
137 3 1
138 1 1
138 2 2
138 3 1
139 1 2
139 2 2
139 3 1
140 1 2
140 2 1
140 3 1
141 1 1
141 2 1
141 3 2
142 1 2
142 2 2
142 3 1
143 1 2
143 2 2
143 3 1
144 1 2
144 2 2
144 3 1
145 1 2
145 2 1
145 3 1
146 1 2
146 2 2
146 3 1
147 1 2
147 2 2
147 3 1
148 1 2
148 2 2
148 3 1
149 1 2
149 2 2
149 3 1
150 1 2
150 2 2
150 3 1
151 1 1
151 2 1
151 3 2
152 1 1
152 2 1
152 3 2
153 1 2
153 2 2
153 3 1
154 1 2
154 2 2
154 3 1
155 1 2
155 2 2
155 3 1
156 1 2
156 2 2
156 3 1
157 1 2
157 2 1
157 3 1
158 1 2
158 2 2
158 3 1
159 1 2
159 2 2
159 3 1
160 1 1
160 2 1
160 3 1
161 1 2
161 2 2
161 3 1
162 1 1
162 2 1
162 3 2
163 1 2
163 2 2
163 3 1
164 1 1
164 2 1
164 3 2
165 1 1
165 2 1
165 3 2
166 1 1
166 2 1
166 3 2
167 1 2
167 2 2
167 3 1
168 1 1
168 2 1
168 3 2
169 1 1
169 2 1
169 3 2
170 1 2
170 2 2
170 3 1
171 1 1
171 2 1
171 3 2
172 1 1
172 2 1
172 3 2
173 1 2
173 2 2
173 3 1
174 1 1
174 2 1
174 3 2
175 1 1
175 2 1
175 3 2
176 1 1
176 2 1
176 3 2
177 1 1
177 2 1
177 3 2
178 1 1
178 2 1
178 3 2
179 1 1
179 2 1
179 3 2
180 1 2
180 2 1
180 3 1
181 1 1
181 2 1
181 3 2
182 1 2
182 2 2
182 3 1
183 1 1
183 2 1
183 3 2
184 1 2
184 2 1
184 3 1
185 1 1
185 2 1
185 3 2
186 1 2
186 2 2
186 3 1
187 1 2
187 2 2
187 3 1
188 1 1
188 2 1
188 3 2
189 1 1
189 2 1
189 3 2
190 1 1
190 2 1
190 3 2
191 1 2
191 2 2
191 3 1
192 1 2
192 2 1
192 3 1
193 1 2
193 2 2
193 3 1
194 1 2
194 2 2
194 3 1
195 1 1
195 2 1
195 3 2
196 1 2
196 2 2
196 3 1
197 1 2
197 2 2
197 3 1
198 1 2
198 2 2
198 3 1
199 1 2
199 2 2
199 3 1
200 1 2
200 2 2
200 3 1
201 1 2
201 2 1
201 3 1
202 1 2
202 2 2
202 3 1
203 1 2
203 2 1
203 3 1
204 1 2
204 2 2
204 3 1
205 1 2
205 2 2
205 3 1
206 1 1
206 2 1
206 3 2
207 1 1
207 2 1
207 3 1
208 1 1
208 2 1
208 3 2
209 1 2
209 2 2
209 3 1
210 1 2
210 2 1
210 3 1
211 1 2
211 2 1
211 3 1
212 1 2
212 2 2
212 3 1
213 1 1
213 2 1
213 3 2
214 1 2
214 2 2
214 3 1
215 1 1
215 2 1
215 3 2
216 1 2
216 2 2
216 3 1
217 1 2
217 2 2
217 3 1
218 1 2
218 2 1
218 3 1
219 1 1
219 2 1
219 3 2
220 1 1
220 2 1
220 3 2
221 1 1
221 2 1
221 3 1
222 1 1
222 2 1
222 3 2
223 1 2
223 2 2
223 3 1
224 1 2
224 2 2
224 3 1
225 1 1
225 2 1
225 3 2
226 1 2
226 2 2
226 3 1
227 1 1
227 2 1
227 3 2
228 1 1
228 2 1
228 3 2
229 1 2
229 2 2
229 3 1
230 1 2
230 2 1
230 3 1
231 1 2
231 2 2
231 3 1
232 1 2
232 2 1
232 3 1
233 1 1
233 2 1
233 3 2
234 1 1
234 2 1
234 3 2
235 1 1
235 2 1
235 3 2
236 1 2
236 2 2
236 3 1
237 1 2
237 2 2
237 3 1
238 1 1
238 2 1
238 3 2
239 1 2
239 2 2
239 3 1
240 1 2
240 2 2
240 3 1
241 1 1
241 2 1
241 3 2
242 1 2
242 2 2
242 3 1
243 1 2
243 2 2
243 3 1
244 1 2
244 2 2
244 3 1
245 1 1
245 2 1
245 3 2
246 1 2
246 2 2
246 3 1
247 1 2
247 2 2
247 3 1
248 1 1
248 2 1
248 3 2
249 1 2
249 2 2
249 3 1
250 1 2
250 2 2
250 3 1
251 1 1
251 2 1
251 3 2
252 1 1
252 2 1
252 3 2
253 1 1
253 2 1
253 3 2
254 1 1
254 2 1
254 3 2
255 1 2
255 2 1
255 3 1
256 1 1
256 2 1
256 3 2
257 1 1
257 2 1
257 3 2
258 1 1
258 2 1
258 3 2
259 1 2
259 2 2
259 3 1
260 1 2
260 2 2
260 3 1
261 1 2
261 2 1
261 3 1
262 1 1
262 2 1
262 3 2
263 1 1
263 2 1
263 3 2
264 1 2
264 2 2
264 3 1
265 1 2
265 2 1
265 3 1
266 1 2
266 2 1
266 3 1
267 1 2
267 2 2
267 3 1
268 1 2
268 2 2
268 3 1
269 1 2
269 2 2
269 3 1
270 1 2
270 2 2
270 3 1
271 1 2
271 2 2
271 3 1
272 1 1
272 2 1
272 3 2
273 1 2
273 2 1
273 3 1
274 1 2
274 2 2
274 3 1
275 1 2
275 2 1
275 3 1
276 1 1
276 2 1
276 3 2
277 1 2
277 2 2
277 3 1
278 1 1
278 2 1
278 3 2
279 1 2
279 2 2
279 3 1
280 1 2
280 2 2
280 3 1
281 1 2
281 2 2
281 3 1
282 1 2
282 2 2
282 3 1
283 1 1
283 2 1
283 3 2
284 1 1
284 2 1
284 3 2
285 1 2
285 2 2
285 3 1
286 1 1
286 2 1
286 3 2
287 1 2
287 2 2
287 3 1
288 1 2
288 2 2
288 3 1
289 1 1
289 2 1
289 3 2
290 1 2
290 2 2
290 3 1
291 1 1
291 2 1
291 3 2
292 1 2
292 2 2
292 3 1
293 1 2
293 2 2
293 3 1
294 1 1
294 2 1
294 3 2
295 1 1
295 2 1
295 3 2
296 1 2
296 2 2
296 3 1
297 1 1
297 2 1
297 3 2
298 1 1
298 2 1
298 3 2
299 1 1
299 2 1
299 3 2
300 1 1
300 2 1
300 3 2
301 1 2
301 2 2
301 3 1
302 1 2
302 2 2
302 3 1
303 1 1
303 2 1
303 3 2
304 1 2
304 2 2
304 3 1
305 1 2
305 2 2
305 3 1
306 1 1
306 2 2
306 3 2
307 1 1
307 2 1
307 3 2
308 1 2
308 2 2
308 3 1
309 1 1
309 2 1
309 3 2
310 1 1
310 2 1
310 3 2
311 1 2
311 2 2
311 3 1
312 1 1
312 2 1
312 3 2
313 1 2
313 2 2
313 3 1
314 1 2
314 2 2
314 3 1
315 1 1
315 2 1
315 3 2
316 1 2
316 2 1
316 3 1
317 1 2
317 2 2
317 3 1
318 1 1
318 2 1
318 3 2
319 1 2
319 2 2
319 3 1
320 1 2
320 2 1
320 3 1
321 1 1
321 2 2
321 3 2
322 1 2
322 2 1
322 3 1
323 1 1
323 2 1
323 3 2
324 1 1
324 2 1
324 3 2
325 1 2
325 2 2
325 3 1
326 1 2
326 2 2
326 3 1
327 1 2
327 2 2
327 3 1
328 1 2
328 2 2
328 3 1
329 1 1
329 2 1
329 3 2
330 1 1
330 2 1
330 3 2
331 1 1
331 2 1
331 3 2
332 1 1
332 2 1
332 3 2
333 1 2
333 2 2
333 3 1
334 1 2
334 2 2
334 3 1
335 1 1
335 2 1
335 3 2
336 1 1
336 2 2
336 3 2
337 1 2
337 2 2
337 3 1
338 1 2
338 2 2
338 3 1
339 1 2
339 2 2
339 3 1
340 1 2
340 2 2
340 3 1
341 1 1
341 2 1
341 3 2
342 1 2
342 2 2
342 3 1
343 1 2
343 2 2
343 3 1
344 1 1
344 2 1
344 3 2
345 1 2
345 2 2
345 3 1
346 1 1
346 2 1
346 3 2
347 1 2
347 2 2
347 3 1
348 1 1
348 2 1
348 3 2
349 1 2
349 2 2
349 3 1
350 1 2
350 2 1
350 3 1
351 1 1
351 2 1
351 3 2
352 1 2
352 2 2
352 3 1
353 1 2
353 2 2
353 3 1
354 1 1
354 2 1
354 3 2
355 1 1
355 2 1
355 3 2
356 1 2
356 2 1
356 3 1
357 1 2
357 2 2
357 3 1
358 1 1
358 2 2
358 3 2
359 1 1
359 2 1
359 3 2
360 1 1
360 2 1
360 3 2
361 1 1
361 2 1
361 3 2
362 1 1
362 2 1
362 3 2
363 1 1
363 2 1
363 3 2
364 1 1
364 2 1
364 3 2
365 1 1
365 2 1
365 3 2
366 1 2
366 2 2
366 3 1
367 1 1
367 2 1
367 3 2
368 1 1
368 2 1
368 3 2
369 1 1
369 2 1
369 3 2
370 1 2
370 2 2
370 3 1
371 1 1
371 2 1
371 3 2
372 1 1
372 2 1
372 3 2
373 1 1
373 2 1
373 3 2
374 1 1
374 2 1
374 3 2
375 1 1
375 2 1
375 3 2
376 1 1
376 2 1
376 3 2
377 1 2
377 2 2
377 3 1
378 1 2
378 2 2
378 3 1
379 1 2
379 2 2
379 3 1
380 1 2
380 2 1
380 3 1
381 1 2
381 2 1
381 3 1
382 1 2
382 2 2
382 3 1
383 1 2
383 2 2
383 3 1
384 1 2
384 2 2
384 3 1
385 1 2
385 2 2
385 3 1
386 1 2
386 2 1
386 3 1
387 1 1
387 2 1
387 3 2
388 1 2
388 2 2
388 3 1
389 1 2
389 2 1
389 3 1
390 1 2
390 2 2
390 3 1
391 1 1
391 2 1
391 3 2
392 1 2
392 2 2
392 3 1
393 1 1
393 2 1
393 3 1
394 1 2
394 2 2
394 3 1
395 1 1
395 2 1
395 3 2
396 1 2
396 2 2
396 3 1
397 1 1
397 2 1
397 3 2
398 1 2
398 2 2
398 3 1
399 1 2
399 2 1
399 3 1
400 1 1
400 2 1
400 3 2
401 1 1
401 2 1
401 3 2
402 1 1
402 2 1
402 3 2
403 1 1
403 2 1
403 3 2
404 1 1
404 2 1
404 3 2
405 1 2
405 2 2
405 3 1
406 1 1
406 2 1
406 3 2
407 1 1
407 2 1
407 3 2
408 1 2
408 2 2
408 3 1
409 1 2
409 2 2
409 3 1
410 1 1
410 2 1
410 3 2
411 1 1
411 2 1
411 3 2
412 1 1
412 2 1
412 3 2
413 1 2
413 2 1
413 3 1
414 1 1
414 2 1
414 3 2
415 1 2
415 2 2
415 3 1
416 1 1
416 2 1
416 3 2
417 1 2
417 2 2
417 3 1
418 1 2
418 2 2
418 3 1
419 1 2
419 2 2
419 3 1
420 1 2
420 2 2
420 3 1
421 1 1
421 2 1
421 3 2
422 1 2
422 2 2
422 3 1
423 1 2
423 2 1
423 3 1
424 1 1
424 2 1
424 3 2
425 1 1
425 2 1
425 3 1
426 1 1
426 2 1
426 3 2
427 1 1
427 2 2
427 3 2
428 1 1
428 2 1
428 3 2
429 1 2
429 2 2
429 3 1
430 1 2
430 2 1
430 3 1
431 1 2
431 2 2
431 3 1
432 1 2
432 2 2
432 3 1
433 1 2
433 2 2
433 3 1
434 1 1
434 2 1
434 3 2
435 1 2
435 2 2
435 3 1
436 1 1
436 2 1
436 3 2
437 1 2
437 2 2
437 3 1
438 1 1
438 2 1
438 3 2
439 1 1
439 2 1
439 3 2
440 1 1
440 2 1
440 3 2
441 1 2
441 2 2
441 3 1
442 1 2
442 2 2
442 3 1
443 1 2
443 2 1
443 3 1
444 1 1
444 2 1
444 3 2
445 1 1
445 2 1
445 3 2
446 1 1
446 2 1
446 3 2
447 1 2
447 2 2
447 3 1
448 1 1
448 2 1
448 3 2
449 1 2
449 2 2
449 3 1
450 1 2
450 2 2
450 3 1
451 1 2
451 2 1
451 3 1
452 1 1
452 2 2
452 3 2
453 1 2
453 2 2
453 3 1
454 1 2
454 2 2
454 3 1
455 1 2
455 2 2
455 3 1
456 1 1
456 2 1
456 3 2
457 1 2
457 2 1
457 3 1
458 1 2
458 2 2
458 3 1
459 1 1
459 2 1
459 3 2
460 1 1
460 2 1
460 3 2
461 1 1
461 2 1
461 3 2
462 1 1
462 2 1
462 3 2
463 1 1
463 2 1
463 3 2
464 1 2
464 2 2
464 3 1
465 1 2
465 2 2
465 3 1
466 1 2
466 2 2
466 3 1
467 1 1
467 2 1
467 3 2
468 1 2
468 2 2
468 3 1
469 1 2
469 2 1
469 3 1
470 1 2
470 2 2
470 3 1
471 1 2
471 2 2
471 3 1
472 1 1
472 2 1
472 3 2
473 1 1
473 2 1
473 3 2
474 1 2
474 2 2
474 3 1
475 1 1
475 2 1
475 3 2
476 1 1
476 2 1
476 3 2
477 1 2
477 2 2
477 3 1
478 1 1
478 2 1
478 3 1
479 1 1
479 2 1
479 3 2
480 1 1
480 2 1
480 3 2
481 1 1
481 2 1
481 3 2
482 1 1
482 2 1
482 3 2
483 1 2
483 2 2
483 3 1
484 1 1
484 2 1
484 3 2
485 1 2
485 2 1
485 3 1
486 1 2
486 2 1
486 3 1
487 1 2
487 2 2
487 3 1
488 1 1
488 2 1
488 3 2
489 1 1
489 2 1
489 3 2
490 1 2
490 2 2
490 3 1
491 1 1
491 2 1
491 3 1
492 1 2
492 2 2
492 3 1
493 1 1
493 2 1
493 3 2
494 1 2
494 2 1
494 3 1
495 1 2
495 2 2
495 3 1
496 1 2
496 2 2
496 3 1
497 1 2
497 2 1
497 3 1
498 1 2
498 2 2
498 3 1
499 1 2
499 2 2
499 3 1
500 1 1
500 2 1
500 3 2
501 1 1
501 2 1
501 3 2
502 1 2
502 2 2
502 3 1
503 1 2
503 2 2
503 3 1
504 1 2
504 2 2
504 3 1
505 1 1
505 2 1
505 3 2
506 1 2
506 2 2
506 3 1
507 1 1
507 2 1
507 3 2
508 1 1
508 2 1
508 3 2
509 1 1
509 2 1
509 3 2
510 1 2
510 2 1
510 3 1
511 1 1
511 2 1
511 3 2
512 1 1
512 2 1
512 3 2
513 1 2
513 2 2
513 3 1
514 1 1
514 2 1
514 3 2
515 1 1
515 2 1
515 3 2
516 1 2
516 2 2
516 3 1
517 1 2
517 2 2
517 3 1
518 1 2
518 2 2
518 3 1
519 1 1
519 2 1
519 3 2
520 1 1
520 2 1
520 3 2
521 1 2
521 2 2
521 3 1
522 1 1
522 2 1
522 3 2
523 1 2
523 2 1
523 3 1
524 1 2
524 2 2
524 3 1
525 1 1
525 2 2
525 3 2
526 1 1
526 2 1
526 3 2
527 1 1
527 2 1
527 3 2
528 1 1
528 2 1
528 3 2
529 1 2
529 2 2
529 3 1
530 1 2
530 2 2
530 3 1
531 1 1
531 2 1
531 3 2
532 1 2
532 2 2
532 3 1
533 1 1
533 2 1
533 3 2
534 1 1
534 2 1
534 3 1
535 1 1
535 2 1
535 3 2
536 1 2
536 2 2
536 3 1
537 1 2
537 2 2
537 3 1
538 1 2
538 2 2
538 3 1
539 1 1
539 2 1
539 3 2
540 1 1
540 2 1
540 3 2
541 1 1
541 2 1
541 3 2
542 1 2
542 2 1
542 3 1
543 1 1
543 2 1
543 3 2
544 1 1
544 2 1
544 3 2
545 1 2
545 2 1
545 3 1
546 1 2
546 2 2
546 3 1
547 1 1
547 2 1
547 3 2
548 1 1
548 2 2
548 3 2
549 1 2
549 2 2
549 3 1
550 1 1
550 2 1
550 3 2
551 1 1
551 2 1
551 3 2
552 1 2
552 2 1
552 3 1
553 1 2
553 2 2
553 3 1
554 1 1
554 2 1
554 3 2
555 1 2
555 2 2
555 3 1
556 1 1
556 2 1
556 3 2
557 1 2
557 2 2
557 3 1
558 1 1
558 2 1
558 3 2
559 1 1
559 2 2
559 3 1
560 1 1
560 2 1
560 3 2
561 1 2
561 2 2
561 3 1
562 1 1
562 2 1
562 3 2
563 1 1
563 2 1
563 3 2
564 1 1
564 2 1
564 3 2
565 1 2
565 2 2
565 3 1
566 1 2
566 2 2
566 3 1
567 1 2
567 2 2
567 3 1
568 1 1
568 2 1
568 3 2
569 1 2
569 2 2
569 3 1
570 1 2
570 2 1
570 3 1
571 1 2
571 2 2
571 3 1
572 1 2
572 2 1
572 3 1
573 1 2
573 2 2
573 3 1
574 1 1
574 2 1
574 3 2
575 1 2
575 2 2
575 3 1
576 1 1
576 2 1
576 3 2
577 1 1
577 2 1
577 3 2
578 1 2
578 2 2
578 3 1
579 1 2
579 2 2
579 3 1
580 1 1
580 2 1
580 3 2
581 1 2
581 2 2
581 3 1
582 1 2
582 2 2
582 3 1
583 1 1
583 2 1
583 3 2
584 1 2
584 2 1
584 3 1
585 1 1
585 2 1
585 3 2
586 1 1
586 2 1
586 3 2
587 1 1
587 2 2
587 3 2
588 1 1
588 2 1
588 3 2
589 1 1
589 2 1
589 3 2
590 1 1
590 2 1
590 3 2
591 1 1
591 2 1
591 3 2
592 1 2
592 2 2
592 3 1
593 1 1
593 2 2
593 3 2
594 1 2
594 2 2
594 3 1
595 1 2
595 2 2
595 3 1
596 1 1
596 2 1
596 3 1
597 1 1
597 2 1
597 3 2
598 1 1
598 2 1
598 3 2
599 1 2
599 2 2
599 3 1
600 1 1
600 2 1
600 3 2
601 1 2
601 2 2
601 3 1
602 1 2
602 2 1
602 3 1
603 1 2
603 2 1
603 3 1
604 1 1
604 2 1
604 3 2
605 1 1
605 2 1
605 3 2
606 1 2
606 2 2
606 3 1
607 1 1
607 2 1
607 3 2
608 1 2
608 2 2
608 3 1
609 1 2
609 2 2
609 3 1
610 1 1
610 2 1
610 3 2
611 1 2
611 2 1
611 3 1
612 1 2
612 2 2
612 3 1
613 1 2
613 2 1
613 3 1
614 1 2
614 2 1
614 3 1
615 1 2
615 2 2
615 3 1
616 1 1
616 2 1
616 3 2
617 1 1
617 2 1
617 3 2
618 1 1
618 2 1
618 3 2
619 1 2
619 2 1
619 3 1
620 1 2
620 2 2
620 3 1
621 1 1
621 2 1
621 3 2
622 1 1
622 2 1
622 3 2
623 1 2
623 2 2
623 3 1
624 1 2
624 2 1
624 3 1
625 1 1
625 2 1
625 3 2
626 1 1
626 2 1
626 3 2
627 1 1
627 2 1
627 3 2
628 1 1
628 2 1
628 3 2
629 1 1
629 2 1
629 3 2
630 1 1
630 2 1
630 3 2
631 1 2
631 2 2
631 3 1
632 1 1
632 2 1
632 3 2
633 1 2
633 2 2
633 3 1
634 1 2
634 2 2
634 3 1
635 1 2
635 2 1
635 3 1
636 1 2
636 2 2
636 3 1
637 1 1
637 2 1
637 3 2
638 1 2
638 2 1
638 3 1
639 1 1
639 2 1
639 3 2
640 1 2
640 2 1
640 3 1
641 1 2
641 2 2
641 3 1
642 1 1
642 2 1
642 3 1
643 1 1
643 2 1
643 3 2
644 1 2
644 2 2
644 3 1
645 1 1
645 2 1
645 3 2
646 1 1
646 2 1
646 3 2
647 1 2
647 2 2
647 3 1
648 1 1
648 2 1
648 3 2
649 1 1
649 2 1
649 3 2
650 1 1
650 2 1
650 3 2
651 1 1
651 2 1
651 3 2
652 1 2
652 2 2
652 3 1
653 1 2
653 2 2
653 3 1
654 1 2
654 2 2
654 3 1
655 1 2
655 2 2
655 3 1
656 1 2
656 2 2
656 3 1
657 1 2
657 2 2
657 3 1
658 1 1
658 2 1
658 3 2
659 1 2
659 2 2
659 3 1
660 1 2
660 2 2
660 3 1
661 1 2
661 2 2
661 3 1
662 1 1
662 2 1
662 3 2
663 1 2
663 2 2
663 3 1
664 1 1
664 2 1
664 3 2
665 1 2
665 2 2
665 3 1
666 1 2
666 2 1
666 3 1
667 1 2
667 2 1
667 3 1
668 1 1
668 2 1
668 3 2
669 1 1
669 2 1
669 3 2
670 1 2
670 2 1
670 3 1
671 1 2
671 2 2
671 3 1
672 1 1
672 2 1
672 3 2
673 1 2
673 2 2
673 3 1
674 1 1
674 2 1
674 3 2
675 1 2
675 2 2
675 3 1
676 1 2
676 2 2
676 3 1
677 1 1
677 2 1
677 3 2
678 1 2
678 2 2
678 3 1
679 1 2
679 2 2
679 3 1
680 1 1
680 2 1
680 3 2
681 1 1
681 2 1
681 3 2
682 1 2
682 2 2
682 3 1
683 1 2
683 2 2
683 3 1
684 1 1
684 2 1
684 3 2
685 1 1
685 2 1
685 3 2
686 1 1
686 2 1
686 3 2
687 1 2
687 2 2
687 3 1
688 1 2
688 2 2
688 3 1
689 1 2
689 2 2
689 3 1
690 1 2
690 2 2
690 3 1
691 1 2
691 2 2
691 3 1
692 1 2
692 2 1
692 3 1
693 1 2
693 2 1
693 3 1
694 1 1
694 2 1
694 3 1
695 1 2
695 2 2
695 3 1
696 1 1
696 2 1
696 3 2
697 1 2
697 2 1
697 3 1
698 1 2
698 2 1
698 3 1
699 1 1
699 2 1
699 3 2
700 1 1
700 2 1
700 3 2
701 1 2
701 2 1
701 3 1
702 1 1
702 2 1
702 3 2
703 1 2
703 2 2
703 3 1
704 1 2
704 2 2
704 3 1
705 1 1
705 2 1
705 3 2
706 1 2
706 2 2
706 3 1
707 1 2
707 2 2
707 3 1
708 1 2
708 2 1
708 3 1
709 1 2
709 2 1
709 3 1
710 1 1
710 2 1
710 3 2
711 1 2
711 2 2
711 3 1
712 1 1
712 2 1
712 3 2
713 1 2
713 2 2
713 3 1
714 1 1
714 2 1
714 3 2
715 1 2
715 2 1
715 3 1
716 1 2
716 2 2
716 3 1
717 1 1
717 2 1
717 3 2
718 1 2
718 2 2
718 3 1
719 1 2
719 2 2
719 3 1
720 1 2
720 2 2
720 3 1
721 1 2
721 2 1
721 3 1
722 1 1
722 2 1
722 3 2
723 1 1
723 2 1
723 3 2
724 1 1
724 2 1
724 3 2
725 1 2
725 2 2
725 3 1
726 1 2
726 2 2
726 3 1
727 1 1
727 2 1
727 3 2
728 1 2
728 2 2
728 3 1
729 1 2
729 2 2
729 3 1
730 1 2
730 2 1
730 3 1
731 1 1
731 2 2
731 3 2
732 1 1
732 2 1
732 3 2
733 1 2
733 2 2
733 3 1
734 1 2
734 2 2
734 3 1
735 1 2
735 2 2
735 3 1
736 1 2
736 2 1
736 3 1
737 1 2
737 2 2
737 3 1
738 1 2
738 2 2
738 3 1
739 1 2
739 2 2
739 3 1
740 1 2
740 2 2
740 3 1
741 1 2
741 2 1
741 3 1
742 1 2
742 2 2
742 3 1
743 1 1
743 2 1
743 3 1
744 1 1
744 2 1
744 3 2
745 1 1
745 2 1
745 3 2
746 1 2
746 2 2
746 3 1
747 1 1
747 2 1
747 3 2
748 1 1
748 2 1
748 3 1
749 1 2
749 2 2
749 3 1
750 1 2
750 2 2
750 3 1
751 1 1
751 2 1
751 3 2
752 1 2
752 2 2
752 3 1
753 1 1
753 2 2
753 3 1
754 1 2
754 2 2
754 3 1
755 1 2
755 2 1
755 3 1
756 1 1
756 2 1
756 3 2
757 1 1
757 2 1
757 3 1
758 1 1
758 2 1
758 3 2
759 1 2
759 2 2
759 3 1
760 1 2
760 2 2
760 3 1
761 1 2
761 2 2
761 3 1
762 1 2
762 2 1
762 3 1
763 1 1
763 2 1
763 3 2
764 1 1
764 2 1
764 3 2
765 1 1
765 2 1
765 3 1
766 1 1
766 2 1
766 3 2
767 1 2
767 2 2
767 3 1
768 1 2
768 2 2
768 3 1
769 1 2
769 2 2
769 3 1
770 1 2
770 2 2
770 3 1
771 1 1
771 2 1
771 3 2
772 1 1
772 2 1
772 3 2
773 1 2
773 2 2
773 3 1
774 1 2
774 2 2
774 3 1
775 1 2
775 2 2
775 3 1
776 1 2
776 2 1
776 3 1
777 1 2
777 2 1
777 3 1
778 1 2
778 2 2
778 3 1
779 1 2
779 2 2
779 3 1
780 1 2
780 2 2
780 3 1
781 1 2
781 2 2
781 3 1
782 1 2
782 2 2
782 3 1
783 1 1
783 2 1
783 3 2
784 1 2
784 2 2
784 3 1
785 1 1
785 2 1
785 3 2
786 1 1
786 2 1
786 3 2
787 1 1
787 2 1
787 3 2
788 1 1
788 2 1
788 3 2
789 1 2
789 2 2
789 3 1
790 1 1
790 2 1
790 3 2
791 1 2
791 2 2
791 3 1
792 1 1
792 2 1
792 3 2
793 1 1
793 2 1
793 3 2
794 1 2
794 2 2
794 3 1
795 1 1
795 2 1
795 3 2
796 1 1
796 2 1
796 3 2
797 1 2
797 2 2
797 3 1
798 1 1
798 2 2
798 3 2
799 1 2
799 2 2
799 3 1
800 1 2
800 2 1
800 3 1
801 1 2
801 2 2
801 3 1
802 1 1
802 2 1
802 3 2
803 1 2
803 2 2
803 3 1
804 1 1
804 2 1
804 3 2
805 1 2
805 2 2
805 3 1
806 1 1
806 2 1
806 3 2
807 1 1
807 2 1
807 3 2
808 1 2
808 2 2
808 3 1
809 1 2
809 2 2
809 3 1
810 1 2
810 2 1
810 3 1
811 1 2
811 2 1
811 3 1
812 1 1
812 2 1
812 3 2
813 1 1
813 2 1
813 3 2
814 1 2
814 2 2
814 3 1
815 1 2
815 2 2
815 3 1
816 1 2
816 2 1
816 3 1
817 1 1
817 2 1
817 3 2
818 1 2
818 2 2
818 3 1
819 1 2
819 2 2
819 3 1
820 1 1
820 2 1
820 3 2
821 1 1
821 2 1
821 3 2
822 1 2
822 2 2
822 3 1
823 1 2
823 2 2
823 3 1
824 1 2
824 2 2
824 3 1
825 1 2
825 2 2
825 3 1
826 1 1
826 2 1
826 3 2
827 1 2
827 2 2
827 3 1
828 1 2
828 2 2
828 3 1
829 1 1
829 2 2
829 3 2
830 1 1
830 2 1
830 3 1
831 1 1
831 2 1
831 3 2
832 1 1
832 2 1
832 3 2
833 1 1
833 2 2
833 3 2
834 1 1
834 2 1
834 3 2
835 1 1
835 2 1
835 3 2
836 1 2
836 2 1
836 3 1
837 1 2
837 2 2
837 3 1
838 1 1
838 2 1
838 3 2
839 1 1
839 2 1
839 3 2
840 1 1
840 2 1
840 3 2
841 1 2
841 2 2
841 3 1
842 1 2
842 2 2
842 3 1
843 1 1
843 2 1
843 3 2
844 1 1
844 2 1
844 3 2
845 1 1
845 2 1
845 3 2
846 1 2
846 2 2
846 3 1
847 1 1
847 2 1
847 3 1
848 1 2
848 2 2
848 3 1
849 1 1
849 2 1
849 3 2
850 1 1
850 2 1
850 3 2
851 1 1
851 2 1
851 3 2
852 1 2
852 2 2
852 3 1
853 1 1
853 2 1
853 3 2
854 1 1
854 2 1
854 3 2
855 1 1
855 2 2
855 3 1
856 1 2
856 2 2
856 3 1
857 1 2
857 2 1
857 3 1
858 1 2
858 2 2
858 3 1
859 1 2
859 2 2
859 3 1
860 1 2
860 2 2
860 3 1
861 1 1
861 2 1
861 3 2
862 1 1
862 2 1
862 3 2
863 1 1
863 2 1
863 3 2
864 1 2
864 2 2
864 3 1
865 1 2
865 2 2
865 3 1
866 1 2
866 2 2
866 3 1
867 1 2
867 2 2
867 3 1
868 1 1
868 2 1
868 3 2
869 1 2
869 2 2
869 3 1
870 1 1
870 2 1
870 3 2
871 1 1
871 2 1
871 3 2
872 1 2
872 2 2
872 3 1
873 1 2
873 2 1
873 3 1
874 1 1
874 2 1
874 3 2
875 1 2
875 2 2
875 3 1
876 1 2
876 2 2
876 3 1
877 1 1
877 2 2
877 3 2
878 1 2
878 2 2
878 3 1
879 1 2
879 2 2
879 3 1
880 1 1
880 2 1
880 3 2
881 1 2
881 2 2
881 3 1
882 1 2
882 2 2
882 3 1
883 1 2
883 2 2
883 3 1
884 1 1
884 2 1
884 3 2
885 1 1
885 2 1
885 3 2
886 1 2
886 2 2
886 3 1
887 1 1
887 2 1
887 3 2
888 1 2
888 2 2
888 3 1
889 1 2
889 2 2
889 3 1
890 1 1
890 2 1
890 3 2
891 1 1
891 2 1
891 3 2
892 1 1
892 2 1
892 3 2
893 1 1
893 2 2
893 3 1
894 1 2
894 2 2
894 3 1
895 1 2
895 2 2
895 3 1
896 1 1
896 2 1
896 3 2
897 1 1
897 2 1
897 3 2
898 1 2
898 2 2
898 3 1
899 1 2
899 2 2
899 3 1
900 1 1
900 2 1
900 3 2
901 1 1
901 2 1
901 3 2
902 1 1
902 2 1
902 3 1
903 1 2
903 2 2
903 3 1
904 1 2
904 2 2
904 3 1
905 1 2
905 2 2
905 3 1
906 1 1
906 2 1
906 3 2
907 1 2
907 2 2
907 3 1
908 1 2
908 2 2
908 3 1
909 1 2
909 2 2
909 3 1
910 1 2
910 2 2
910 3 1
911 1 1
911 2 1
911 3 2
912 1 2
912 2 2
912 3 1
913 1 2
913 2 2
913 3 1
914 1 1
914 2 1
914 3 2
915 1 2
915 2 1
915 3 1
916 1 1
916 2 1
916 3 2
917 1 2
917 2 2
917 3 1
918 1 1
918 2 2
918 3 2
919 1 2
919 2 1
919 3 1
920 1 2
920 2 2
920 3 1
921 1 1
921 2 1
921 3 2
922 1 1
922 2 1
922 3 1
923 1 2
923 2 1
923 3 1
924 1 1
924 2 1
924 3 2
925 1 1
925 2 1
925 3 2
926 1 1
926 2 1
926 3 2
927 1 1
927 2 1
927 3 2
928 1 2
928 2 2
928 3 1
929 1 1
929 2 1
929 3 2
930 1 1
930 2 1
930 3 2
931 1 2
931 2 2
931 3 1
932 1 2
932 2 2
932 3 1
933 1 2
933 2 2
933 3 1
934 1 1
934 2 1
934 3 2
935 1 2
935 2 2
935 3 1
936 1 1
936 2 1
936 3 2
937 1 2
937 2 2
937 3 1
938 1 1
938 2 1
938 3 2
939 1 2
939 2 2
939 3 1
940 1 2
940 2 2
940 3 1
941 1 1
941 2 1
941 3 2
942 1 2
942 2 1
942 3 1
943 1 2
943 2 2
943 3 1
944 1 2
944 2 2
944 3 1
945 1 2
945 2 1
945 3 1
946 1 1
946 2 1
946 3 2
947 1 2
947 2 2
947 3 1
948 1 1
948 2 1
948 3 2
949 1 2
949 2 2
949 3 1
950 1 2
950 2 2
950 3 1
951 1 1
951 2 1
951 3 2
952 1 1
952 2 2
952 3 2
953 1 1
953 2 1
953 3 2
954 1 2
954 2 2
954 3 1
955 1 2
955 2 2
955 3 1
956 1 1
956 2 1
956 3 2
957 1 2
957 2 2
957 3 1
958 1 1
958 2 1
958 3 2
959 1 2
959 2 2
959 3 1
