1 1 2
1 2 2
1 3 2
2 1 2
2 2 2
2 3 2
3 1 2
3 2 2
3 3 2
4 1 2
4 2 2
4 3 2
5 1 2
5 2 2
5 3 2
6 1 2
6 2 2
6 3 2
7 1 2
7 2 2
7 3 2
8 1 2
8 2 2
8 3 2
9 1 2
9 2 2
9 3 2
10 1 2
10 2 2
10 3 2
11 1 1
11 2 1
11 3 1
12 1 1
12 2 1
12 3 1
13 1 2
13 2 2
13 3 2
14 1 1
14 2 1
14 3 1
15 1 1
15 2 1
15 3 1
16 1 1
16 2 1
16 3 1
17 1 1
17 2 1
17 3 1
18 1 1
18 2 1
18 3 1
19 1 1
19 2 1
19 3 1
20 1 1
20 2 1
20 3 1
21 1 2
21 2 2
21 3 2
22 1 1
22 2 1
22 3 1
23 1 1
23 2 1
23 3 1
24 1 1
24 2 1
24 3 1
25 1 2
25 2 2
25 3 2
26 1 1
26 2 1
26 3 1
27 1 2
27 2 2
27 3 2
28 1 1
28 2 1
28 3 1
29 1 1
29 2 1
29 3 1
30 1 2
30 2 2
30 3 2
31 1 1
31 2 1
31 3 1
32 1 1
32 2 1
32 3 1
33 1 1
33 2 1
33 3 1
34 1 1
34 2 1
34 3 1
35 1 1
35 2 1
35 3 1
36 1 2
36 2 2
36 3 2
37 1 1
37 2 1
37 3 1
38 1 2
38 2 2
38 3 2
39 1 2
39 2 2
39 3 2
40 1 2
40 2 2
40 3 2
41 1 1
41 2 1
41 3 1
42 1 1
42 2 1
42 3 1
43 1 1
43 2 1
43 3 1
44 1 2
44 2 2
44 3 2
45 1 2
45 2 2
45 3 2
46 1 2
46 2 2
46 3 2
47 1 1
47 2 1
47 3 1
48 1 1
48 2 1
48 3 1
49 1 2
49 2 2
49 3 2
50 1 2
50 2 2
50 3 2
51 1 2
51 2 2
51 3 2
52 1 1
52 2 1
52 3 1
53 1 1
53 2 1
53 3 1
54 1 2
54 2 2
54 3 2
55 1 1
55 2 1
55 3 1
56 1 2
56 2 2
56 3 2
57 1 1
57 2 1
57 3 1
58 1 2
58 2 2
58 3 2
59 1 2
59 2 2
59 3 2
60 1 1
60 2 1
60 3 1
61 1 1
61 2 1
61 3 1
62 1 2
62 2 2
62 3 2
63 1 1
63 2 1
63 3 1
64 1 1
64 2 1
64 3 1
65 1 1
65 2 1
65 3 1
66 1 2
66 2 2
66 3 2
67 1 1
67 2 1
67 3 1
68 1 1
68 2 1
68 3 1
69 1 1
69 2 1
69 3 1
70 1 1
70 2 1
70 3 1
71 1 1
71 2 1
71 3 1
72 1 1
72 2 1
72 3 1
73 1 1
73 2 1
73 3 1
74 1 2
74 2 2
74 3 2
75 1 1
75 2 1
75 3 1
76 1 2
76 2 2
76 3 2
77 1 1
77 2 1
77 3 1
78 1 2
78 2 2
78 3 2
79 1 2
79 2 2
79 3 2
80 1 1
80 2 1
80 3 1
81 1 2
81 2 2
81 3 2
82 1 1
82 2 1
82 3 1
83 1 1
83 2 1
83 3 1
84 1 2
84 2 2
84 3 2
85 1 2
85 2 2
85 3 2
86 1 2
86 2 2
86 3 2
87 1 2
87 2 2
87 3 2
88 1 2
88 2 2
88 3 2
89 1 2
89 2 2
89 3 2
90 1 2
90 2 2
90 3 2
91 1 2
91 2 2
91 3 2
92 1 2
92 2 2
92 3 2
93 1 1
93 2 1
93 3 1
94 1 1
94 2 1
94 3 1
95 1 1
95 2 1
95 3 1
96 1 2
96 2 2
96 3 2
97 1 2
97 2 2
97 3 2
98 1 2
98 2 2
98 3 2
99 1 1
99 2 1
99 3 1
100 1 1
100 2 1
100 3 1
101 1 1
101 2 1
101 3 1
102 1 1
102 2 1
102 3 1
103 1 2
103 2 2
103 3 2
104 1 1
104 2 1
104 3 1
105 1 2
105 2 2
105 3 2
106 1 2
106 2 2
106 3 2
107 1 2
107 2 2
107 3 2
108 1 2
108 2 2
108 3 2
109 1 1
109 2 1
109 3 1
110 1 1
110 2 1
110 3 1
111 1 2
111 2 2
111 3 2
112 1 2
112 2 2
112 3 2
113 1 1
113 2 1
113 3 1
114 1 1
114 2 1
114 3 1
115 1 1
115 2 1
115 3 1
116 1 2
116 2 2
116 3 2
117 1 2
117 2 2
117 3 2
118 1 1
118 2 1
118 3 1
119 1 2
119 2 2
119 3 2
120 1 2
120 2 2
120 3 2
121 1 2
121 2 2
121 3 2
122 1 1
122 2 1
122 3 1
123 1 2
123 2 2
123 3 2
124 1 2
124 2 2
124 3 2
125 1 1
125 2 1
125 3 1
126 1 1
126 2 1
126 3 1
127 1 1
127 2 1
127 3 1
128 1 2
128 2 2
128 3 2
129 1 2
129 2 2
129 3 2
130 1 1
130 2 1
130 3 1
131 1 1
131 2 1
131 3 1
132 1 1
132 2 1
132 3 1
133 1 2
133 2 2
133 3 2
134 1 1
134 2 1
134 3 1
135 1 2
135 2 2
135 3 2
136 1 2
136 2 2
136 3 2
137 1 2
137 2 2
137 3 2
138 1 1
138 2 1
138 3 1
139 1 1
139 2 2
139 3 1
140 1 2
140 2 2
140 3 2
141 1 2
141 2 2
141 3 2
142 1 1
142 2 1
142 3 1
143 1 1
143 2 1
143 3 1
144 1 1
144 2 1
144 3 1
145 1 2
145 2 2
145 3 2
146 1 2
146 2 2
146 3 2
147 1 2
147 2 2
147 3 2
148 1 1
148 2 1
148 3 1
149 1 2
149 2 2
149 3 2
150 1 2
150 2 2
150 3 2
151 1 2
151 2 2
151 3 2
152 1 1
152 2 1
152 3 1
153 1 2
153 2 2
153 3 2
154 1 1
154 2 1
154 3 1
155 1 2
155 2 2
155 3 2
156 1 2
156 2 2
156 3 2
157 1 1
157 2 1
157 3 1
158 1 2
158 2 2
158 3 2
159 1 1
159 2 1
159 3 1
160 1 1
160 2 1
160 3 1
161 1 2
161 2 2
161 3 2
162 1 1
162 2 1
162 3 1
163 1 1
163 2 1
163 3 1
164 1 1
164 2 1
164 3 1
165 1 1
165 2 1
165 3 1
166 1 1
166 2 1
166 3 1
167 1 1
167 2 1
167 3 1
168 1 2
168 2 2
168 3 2
169 1 2
169 2 2
169 3 2
170 1 2
170 2 2
170 3 2
171 1 1
171 2 1
171 3 1
172 1 2
172 2 2
172 3 2
173 1 2
173 2 2
173 3 2
174 1 2
174 2 2
174 3 2
175 1 2
175 2 2
175 3 2
176 1 1
176 2 1
176 3 1
177 1 1
177 2 1
177 3 1
178 1 1
178 2 1
178 3 1
179 1 2
179 2 2
179 3 2
180 1 1
180 2 1
180 3 1
181 1 1
181 2 1
181 3 1
182 1 2
182 2 2
182 3 2
183 1 2
183 2 2
183 3 2
184 1 1
184 2 1
184 3 1
185 1 2
185 2 2
185 3 2
186 1 1
186 2 1
186 3 1
187 1 2
187 2 2
187 3 2
188 1 2
188 2 2
188 3 2
189 1 2
189 2 2
189 3 2
190 1 2
190 2 2
190 3 2
191 1 2
191 2 2
191 3 2
192 1 2
192 2 2
192 3 2
193 1 1
193 2 1
193 3 1
194 1 2
194 2 2
194 3 2
195 1 2
195 2 2
195 3 2
196 1 2
196 2 2
196 3 2
197 1 2
197 2 2
197 3 2
198 1 1
198 2 1
198 3 1
199 1 2
199 2 2
199 3 2
200 1 1
200 2 1
200 3 1
201 1 1
201 2 1
201 3 1
202 1 1
202 2 1
202 3 1
203 1 2
203 2 2
203 3 2
204 1 1
204 2 1
204 3 1
205 1 2
205 2 2
205 3 2
206 1 1
206 2 1
206 3 1
207 1 1
207 2 1
207 3 1
208 1 1
208 2 1
208 3 1
209 1 1
209 2 1
209 3 1
210 1 1
210 2 1
210 3 1
211 1 1
211 2 1
211 3 1
212 1 2
212 2 2
212 3 2
213 1 2
213 2 2
213 3 2
214 1 1
214 2 1
214 3 1
215 1 1
215 2 1
215 3 1
216 1 2
216 2 2
216 3 2
217 1 2
217 2 2
217 3 2
218 1 1
218 2 1
218 3 1
219 1 1
219 2 1
219 3 1
220 1 1
220 2 1
220 3 1
221 1 2
221 2 2
221 3 2
222 1 2
222 2 2
222 3 2
223 1 1
223 2 1
223 3 1
224 1 1
224 2 1
224 3 1
225 1 2
225 2 2
225 3 2
226 1 2
226 2 2
226 3 2
227 1 2
227 2 2
227 3 2
228 1 2
228 2 2
228 3 2
229 1 1
229 2 1
229 3 1
230 1 2
230 2 2
230 3 2
231 1 2
231 2 2
231 3 2
232 1 2
232 2 2
232 3 2
233 1 2
233 2 2
233 3 2
234 1 1
234 2 1
234 3 1
235 1 2
235 2 2
235 3 2
236 1 2
236 2 2
236 3 2
237 1 1
237 2 1
237 3 1
238 1 1
238 2 1
238 3 1
239 1 2
239 2 2
239 3 2
240 1 1
240 2 1
240 3 1
241 1 2
241 2 2
241 3 2
242 1 1
242 2 1
242 3 1
243 1 1
243 2 1
243 3 1
244 1 2
244 2 2
244 3 2
245 1 1
245 2 1
245 3 1
246 1 2
246 2 2
246 3 2
247 1 1
247 2 1
247 3 1
248 1 1
248 2 1
248 3 1
249 1 1
249 2 1
249 3 1
250 1 2
250 2 2
250 3 2
251 1 2
251 2 2
251 3 2
252 1 2
252 2 2
252 3 2
253 1 2
253 2 2
253 3 2
254 1 1
254 2 1
254 3 1
255 1 1
255 2 1
255 3 1
256 1 1
256 2 1
256 3 1
257 1 1
257 2 1
257 3 1
258 1 2
258 2 2
258 3 2
259 1 1
259 2 1
259 3 1
260 1 2
260 2 2
260 3 2
261 1 1
261 2 1
261 3 1
262 1 1
262 2 1
262 3 1
263 1 1
263 2 1
263 3 1
264 1 1
264 2 1
264 3 1
265 1 1
265 2 1
265 3 1
266 1 1
266 2 1
266 3 1
267 1 2
267 2 2
267 3 2
268 1 1
268 2 1
268 3 1
269 1 1
269 2 1
269 3 1
270 1 1
270 2 1
270 3 1
271 1 2
271 2 2
271 3 2
272 1 1
272 2 1
272 3 1
273 1 2
273 2 2
273 3 2
274 1 1
274 2 1
274 3 1
275 1 2
275 2 2
275 3 2
276 1 1
276 2 1
276 3 1
277 1 2
277 2 2
277 3 2
278 1 1
278 2 1
278 3 1
279 1 1
279 2 1
279 3 1
280 1 1
280 2 1
280 3 1
281 1 2
281 2 2
281 3 2
282 1 1
282 2 1
282 3 1
283 1 1
283 2 1
283 3 1
284 1 2
284 2 2
284 3 2
285 1 1
285 2 1
285 3 1
286 1 1
286 2 1
286 3 1
287 1 2
287 2 2
287 3 2
288 1 2
288 2 2
288 3 2
289 1 2
289 2 2
289 3 2
290 1 1
290 2 1
290 3 1
291 1 2
291 2 2
291 3 2
292 1 2
292 2 2
292 3 2
293 1 1
293 2 1
293 3 1
294 1 2
294 2 2
294 3 2
295 1 1
295 2 1
295 3 1
296 1 1
296 2 1
296 3 1
297 1 2
297 2 2
297 3 2
298 1 1
298 2 1
298 3 1
299 1 1
299 2 1
299 3 1
300 1 2
300 2 2
300 3 2
301 1 2
301 2 2
301 3 2
302 1 1
302 2 1
302 3 1
303 1 2
303 2 2
303 3 2
304 1 2
304 2 2
304 3 2
305 1 1
305 2 1
305 3 1
306 1 2
306 2 2
306 3 2
307 1 1
307 2 1
307 3 1
308 1 1
308 2 1
308 3 1
309 1 2
309 2 2
309 3 2
310 1 1
310 2 1
310 3 1
311 1 2
311 2 2
311 3 2
312 1 2
312 2 2
312 3 2
313 1 2
313 2 2
313 3 2
314 1 2
314 2 2
314 3 2
315 1 2
315 2 2
315 3 2
316 1 1
316 2 1
316 3 1
317 1 2
317 2 2
317 3 2
318 1 1
318 2 1
318 3 1
319 1 2
319 2 2
319 3 2
320 1 1
320 2 1
320 3 1
321 1 1
321 2 1
321 3 1
322 1 1
322 2 1
322 3 1
323 1 2
323 2 2
323 3 2
324 1 1
324 2 1
324 3 1
325 1 2
325 2 2
325 3 2
326 1 2
326 2 2
326 3 2
327 1 2
327 2 2
327 3 2
328 1 2
328 2 2
328 3 2
329 1 1
329 2 1
329 3 1
330 1 2
330 2 2
330 3 2
331 1 1
331 2 1
331 3 1
332 1 2
332 2 2
332 3 2
333 1 2
333 2 2
333 3 2
334 1 2
334 2 2
334 3 2
335 1 2
335 2 2
335 3 2
336 1 1
336 2 1
336 3 1
337 1 1
337 2 1
337 3 1
338 1 2
338 2 2
338 3 2
339 1 1
339 2 1
339 3 1
340 1 1
340 2 1
340 3 1
341 1 1
341 2 1
341 3 1
342 1 2
342 2 2
342 3 2
343 1 2
343 2 2
343 3 2
344 1 1
344 2 1
344 3 1
345 1 1
345 2 1
345 3 1
346 1 2
346 2 2
346 3 2
347 1 2
347 2 2
347 3 2
348 1 1
348 2 1
348 3 1
349 1 2
349 2 2
349 3 2
350 1 2
350 2 2
350 3 2
351 1 1
351 2 1
351 3 1
352 1 1
352 2 1
352 3 1
353 1 1
353 2 1
353 3 1
354 1 2
354 2 2
354 3 2
355 1 1
355 2 1
355 3 1
356 1 1
356 2 1
356 3 1
357 1 2
357 2 2
357 3 2
358 1 2
358 2 2
358 3 2
359 1 2
359 2 2
359 3 2
360 1 1
360 2 1
360 3 1
361 1 2
361 2 2
361 3 2
362 1 1
362 2 1
362 3 1
363 1 2
363 2 2
363 3 2
364 1 2
364 2 2
364 3 2
365 1 2
365 2 2
365 3 2
366 1 1
366 2 1
366 3 1
367 1 2
367 2 2
367 3 2
368 1 2
368 2 2
368 3 2
369 1 1
369 2 1
369 3 1
370 1 1
370 2 1
370 3 1
371 1 2
371 2 2
371 3 2
372 1 2
372 2 2
372 3 2
373 1 1
373 2 1
373 3 1
374 1 1
374 2 1
374 3 1
375 1 1
375 2 1
375 3 1
376 1 1
376 2 1
376 3 1
377 1 2
377 2 2
377 3 2
378 1 1
378 2 1
378 3 1
379 1 2
379 2 2
379 3 2
380 1 1
380 2 1
380 3 1
381 1 1
381 2 1
381 3 1
382 1 2
382 2 2
382 3 2
383 1 2
383 2 2
383 3 2
384 1 1
384 2 1
384 3 1
385 1 2
385 2 2
385 3 2
386 1 1
386 2 1
386 3 1
387 1 1
387 2 1
387 3 1
388 1 1
388 2 1
388 3 1
389 1 1
389 2 1
389 3 1
390 1 2
390 2 2
390 3 2
391 1 1
391 2 1
391 3 1
392 1 2
392 2 2
392 3 2
393 1 1
393 2 1
393 3 1
394 1 1
394 2 1
394 3 1
395 1 1
395 2 1
395 3 1
396 1 2
396 2 2
396 3 2
397 1 2
397 2 2
397 3 2
398 1 2
398 2 2
398 3 2
399 1 1
399 2 1
399 3 1
400 1 2
400 2 2
400 3 2
401 1 2
401 2 2
401 3 2
402 1 2
402 2 2
402 3 2
403 1 2
403 2 2
403 3 2
404 1 2
404 2 2
404 3 2
405 1 2
405 2 2
405 3 2
406 1 1
406 2 1
406 3 1
407 1 1
407 2 1
407 3 1
408 1 2
408 2 2
408 3 2
409 1 2
409 2 2
409 3 2
410 1 2
410 2 2
410 3 2
411 1 2
411 2 2
411 3 2
412 1 1
412 2 1
412 3 1
413 1 1
413 2 1
413 3 1
414 1 2
414 2 2
414 3 2
415 1 2
415 2 2
415 3 2
416 1 2
416 2 2
416 3 2
417 1 1
417 2 1
417 3 1
418 1 2
418 2 2
418 3 2
419 1 1
419 2 1
419 3 1
420 1 1
420 2 1
420 3 1
421 1 2
421 2 2
421 3 2
422 1 2
422 2 2
422 3 2
423 1 2
423 2 2
423 3 2
424 1 1
424 2 1
424 3 1
425 1 1
425 2 1
425 3 1
426 1 1
426 2 1
426 3 1
427 1 1
427 2 1
427 3 1
428 1 1
428 2 1
428 3 1
429 1 2
429 2 2
429 3 2
430 1 1
430 2 1
430 3 1
431 1 2
431 2 2
431 3 2
432 1 2
432 2 2
432 3 2
433 1 2
433 2 2
433 3 2
434 1 2
434 2 2
434 3 2
435 1 1
435 2 1
435 3 1
436 1 1
436 2 1
436 3 1
437 1 1
437 2 1
437 3 1
438 1 2
438 2 2
438 3 2
439 1 2
439 2 2
439 3 2
440 1 2
440 2 2
440 3 2
441 1 1
441 2 1
441 3 1
442 1 2
442 2 2
442 3 2
443 1 1
443 2 1
443 3 1
444 1 1
444 2 1
444 3 1
445 1 2
445 2 2
445 3 2
446 1 1
446 2 1
446 3 1
447 1 2
447 2 2
447 3 2
448 1 2
448 2 2
448 3 2
449 1 2
449 2 2
449 3 2
450 1 2
450 2 2
450 3 2
451 1 2
451 2 2
451 3 2
452 1 2
452 2 2
452 3 2
453 1 2
453 2 2
453 3 2
454 1 2
454 2 2
454 3 2
455 1 2
455 2 2
455 3 2
456 1 1
456 2 1
456 3 1
457 1 1
457 2 1
457 3 1
458 1 2
458 2 2
458 3 2
459 1 2
459 2 2
459 3 2
460 1 2
460 2 2
460 3 2
461 1 1
461 2 1
461 3 1
462 1 2
462 2 2
462 3 2
463 1 1
463 2 1
463 3 1
464 1 2
464 2 2
464 3 2
465 1 2
465 2 2
465 3 2
466 1 2
466 2 2
466 3 2
467 1 1
467 2 1
467 3 1
468 1 1
468 2 1
468 3 1
469 1 1
469 2 1
469 3 1
470 1 1
470 2 1
470 3 1
471 1 2
471 2 2
471 3 2
472 1 1
472 2 1
472 3 1
473 1 2
473 2 2
473 3 2
474 1 1
474 2 1
474 3 1
475 1 1
475 2 1
475 3 1
476 1 1
476 2 1
476 3 1
477 1 2
477 2 2
477 3 2
478 1 2
478 2 2
478 3 2
479 1 1
479 2 1
479 3 1
480 1 1
480 2 1
480 3 1
481 1 2
481 2 2
481 3 2
482 1 2
482 2 2
482 3 2
483 1 1
483 2 1
483 3 1
484 1 2
484 2 2
484 3 2
485 1 2
485 2 2
485 3 2
486 1 1
486 2 1
486 3 1
487 1 2
487 2 2
487 3 2
488 1 2
488 2 2
488 3 2
489 1 1
489 2 1
489 3 1
490 1 2
490 2 2
490 3 2
491 1 1
491 2 1
491 3 1
492 1 2
492 2 2
492 3 2
493 1 1
493 2 1
493 3 1
494 1 1
494 2 1
494 3 1
495 1 2
495 2 2
495 3 2
496 1 1
496 2 1
496 3 1
497 1 2
497 2 2
497 3 2
498 1 2
498 2 2
498 3 2
499 1 1
499 2 1
499 3 1
500 1 1
500 2 1
500 3 1
501 1 2
501 2 2
501 3 2
502 1 1
502 2 1
502 3 1
503 1 1
503 2 1
503 3 1
504 1 1
504 2 1
504 3 1
505 1 2
505 2 2
505 3 2
506 1 1
506 2 2
506 3 1
507 1 2
507 2 2
507 3 2
508 1 2
508 2 2
508 3 2
509 1 2
509 2 2
509 3 2
510 1 1
510 2 1
510 3 1
511 1 2
511 2 2
511 3 2
512 1 2
512 2 2
512 3 2
513 1 1
513 2 1
513 3 1
514 1 2
514 2 2
514 3 2
515 1 2
515 2 2
515 3 2
516 1 1
516 2 1
516 3 1
517 1 2
517 2 2
517 3 2
518 1 1
518 2 1
518 3 1
519 1 2
519 2 2
519 3 2
520 1 2
520 2 2
520 3 2
521 1 2
521 2 2
521 3 2
522 1 2
522 2 2
522 3 2
523 1 2
523 2 2
523 3 2
524 1 1
524 2 1
524 3 1
525 1 1
525 2 1
525 3 1
526 1 1
526 2 1
526 3 1
527 1 2
527 2 2
527 3 2
528 1 2
528 2 2
528 3 2
529 1 1
529 2 1
529 3 1
530 1 2
530 2 2
530 3 2
531 1 2
531 2 2
531 3 2
532 1 1
532 2 2
532 3 1
533 1 1
533 2 1
533 3 1
534 1 1
534 2 1
534 3 1
535 1 1
535 2 1
535 3 1
536 1 1
536 2 1
536 3 1
537 1 1
537 2 1
537 3 1
538 1 2
538 2 2
538 3 2
539 1 2
539 2 2
539 3 2
540 1 2
540 2 2
540 3 2
541 1 2
541 2 2
541 3 2
542 1 2
542 2 2
542 3 2
543 1 1
543 2 1
543 3 1
544 1 1
544 2 1
544 3 1
545 1 1
545 2 1
545 3 1
546 1 1
546 2 1
546 3 1
547 1 1
547 2 1
547 3 1
548 1 2
548 2 1
548 3 2
549 1 2
549 2 2
549 3 2
550 1 1
550 2 1
550 3 1
551 1 1
551 2 1
551 3 1
552 1 2
552 2 2
552 3 2
553 1 2
553 2 2
553 3 2
554 1 1
554 2 1
554 3 1
555 1 2
555 2 2
555 3 2
556 1 1
556 2 1
556 3 1
557 1 2
557 2 2
557 3 2
558 1 2
558 2 2
558 3 2
559 1 2
559 2 2
559 3 2
560 1 1
560 2 1
560 3 1
561 1 1
561 2 1
561 3 1
562 1 1
562 2 1
562 3 1
563 1 1
563 2 1
563 3 1
564 1 1
564 2 1
564 3 1
565 1 1
565 2 1
565 3 1
566 1 2
566 2 2
566 3 2
567 1 2
567 2 2
567 3 2
568 1 1
568 2 1
568 3 1
569 1 1
569 2 2
569 3 1
570 1 2
570 2 2
570 3 2
571 1 1
571 2 1
571 3 1
572 1 2
572 2 2
572 3 2
573 1 1
573 2 1
573 3 1
574 1 1
574 2 1
574 3 1
575 1 2
575 2 2
575 3 2
576 1 1
576 2 1
576 3 1
577 1 2
577 2 2
577 3 2
578 1 1
578 2 1
578 3 1
579 1 1
579 2 1
579 3 1
580 1 2
580 2 2
580 3 2
581 1 2
581 2 2
581 3 2
582 1 2
582 2 2
582 3 2
583 1 2
583 2 2
583 3 2
584 1 2
584 2 2
584 3 2
585 1 1
585 2 2
585 3 1
586 1 2
586 2 2
586 3 2
587 1 1
587 2 1
587 3 1
588 1 2
588 2 2
588 3 2
589 1 1
589 2 1
589 3 1
590 1 1
590 2 1
590 3 1
591 1 1
591 2 1
591 3 1
592 1 2
592 2 2
592 3 2
593 1 1
593 2 1
593 3 1
594 1 2
594 2 2
594 3 2
595 1 1
595 2 1
595 3 1
596 1 1
596 2 1
596 3 1
597 1 1
597 2 1
597 3 1
598 1 2
598 2 2
598 3 2
599 1 2
599 2 2
599 3 2
600 1 1
600 2 1
600 3 1
601 1 1
601 2 1
601 3 1
602 1 1
602 2 1
602 3 1
603 1 1
603 2 1
603 3 1
604 1 2
604 2 2
604 3 2
605 1 1
605 2 1
605 3 1
606 1 2
606 2 2
606 3 2
607 1 1
607 2 1
607 3 1
608 1 2
608 2 2
608 3 2
609 1 2
609 2 2
609 3 2
610 1 1
610 2 1
610 3 1
611 1 1
611 2 1
611 3 1
612 1 2
612 2 2
612 3 2
613 1 1
613 2 1
613 3 1
614 1 2
614 2 2
614 3 2
615 1 1
615 2 1
615 3 1
616 1 2
616 2 2
616 3 2
617 1 1
617 2 1
617 3 1
618 1 1
618 2 1
618 3 1
619 1 1
619 2 1
619 3 1
620 1 2
620 2 2
620 3 2
621 1 2
621 2 2
621 3 2
622 1 2
622 2 2
622 3 2
623 1 2
623 2 2
623 3 2
624 1 2
624 2 2
624 3 2
625 1 2
625 2 2
625 3 2
626 1 1
626 2 1
626 3 1
627 1 2
627 2 2
627 3 2
628 1 1
628 2 1
628 3 1
629 1 2
629 2 2
629 3 2
630 1 1
630 2 1
630 3 1
631 1 1
631 2 1
631 3 1
632 1 2
632 2 2
632 3 2
633 1 2
633 2 2
633 3 2
634 1 2
634 2 2
634 3 2
635 1 2
635 2 2
635 3 2
636 1 1
636 2 1
636 3 1
637 1 2
637 2 2
637 3 2
638 1 1
638 2 1
638 3 1
639 1 2
639 2 2
639 3 2
640 1 1
640 2 1
640 3 1
641 1 2
641 2 2
641 3 2
642 1 1
642 2 1
642 3 1
643 1 1
643 2 1
643 3 1
644 1 1
644 2 1
644 3 1
645 1 1
645 2 1
645 3 1
646 1 2
646 2 2
646 3 2
647 1 2
647 2 1
647 3 2
648 1 2
648 2 2
648 3 2
649 1 1
649 2 1
649 3 1
650 1 2
650 2 2
650 3 2
651 1 2
651 2 2
651 3 2
652 1 2
652 2 2
652 3 2
653 1 2
653 2 2
653 3 2
654 1 1
654 2 1
654 3 1
655 1 1
655 2 1
655 3 1
656 1 1
656 2 1
656 3 1
657 1 1
657 2 1
657 3 1
658 1 1
658 2 1
658 3 1
659 1 2
659 2 2
659 3 2
660 1 2
660 2 2
660 3 2
661 1 2
661 2 2
661 3 2
662 1 2
662 2 2
662 3 2
663 1 2
663 2 2
663 3 2
664 1 2
664 2 2
664 3 2
665 1 1
665 2 2
665 3 1
666 1 1
666 2 1
666 3 1
667 1 2
667 2 2
667 3 2
668 1 1
668 2 1
668 3 1
669 1 1
669 2 1
669 3 1
670 1 2
670 2 2
670 3 2
671 1 2
671 2 2
671 3 2
672 1 1
672 2 1
672 3 1
673 1 2
673 2 2
673 3 2
674 1 2
674 2 2
674 3 2
675 1 2
675 2 2
675 3 2
676 1 2
676 2 2
676 3 2
677 1 1
677 2 1
677 3 1
678 1 2
678 2 2
678 3 2
679 1 2
679 2 2
679 3 2
680 1 2
680 2 2
680 3 2
681 1 2
681 2 2
681 3 2
682 1 2
682 2 2
682 3 2
683 1 2
683 2 2
683 3 2
684 1 2
684 2 1
684 3 2
685 1 1
685 2 1
685 3 1
686 1 2
686 2 2
686 3 2
687 1 2
687 2 2
687 3 2
688 1 1
688 2 1
688 3 1
689 1 2
689 2 2
689 3 2
690 1 2
690 2 2
690 3 2
691 1 2
691 2 2
691 3 2
692 1 2
692 2 2
692 3 2
693 1 1
693 2 1
693 3 1
694 1 1
694 2 1
694 3 1
695 1 2
695 2 2
695 3 2
696 1 1
696 2 1
696 3 1
697 1 1
697 2 1
697 3 1
698 1 1
698 2 1
698 3 1
699 1 2
699 2 2
699 3 2
700 1 1
700 2 1
700 3 1
701 1 2
701 2 2
701 3 2
702 1 1
702 2 1
702 3 1
703 1 1
703 2 1
703 3 1
704 1 2
704 2 2
704 3 2
705 1 1
705 2 1
705 3 1
706 1 1
706 2 1
706 3 1
707 1 2
707 2 2
707 3 2
708 1 1
708 2 1
708 3 1
709 1 1
709 2 1
709 3 1
710 1 2
710 2 2
710 3 2
711 1 1
711 2 1
711 3 1
712 1 1
712 2 1
712 3 1
713 1 2
713 2 2
713 3 2
714 1 1
714 2 1
714 3 1
715 1 2
715 2 2
715 3 2
716 1 2
716 2 2
716 3 2
717 1 1
717 2 1
717 3 1
718 1 2
718 2 2
718 3 2
719 1 2
719 2 2
719 3 2
720 1 1
720 2 2
720 3 1
721 1 2
721 2 2
721 3 2
722 1 2
722 2 2
722 3 2
723 1 2
723 2 2
723 3 2
724 1 2
724 2 2
724 3 2
725 1 2
725 2 2
725 3 2
726 1 2
726 2 2
726 3 2
727 1 2
727 2 2
727 3 2
728 1 2
728 2 2
728 3 2
729 1 2
729 2 2
729 3 2
730 1 1
730 2 1
730 3 1
731 1 1
731 2 1
731 3 1
732 1 1
732 2 1
732 3 1
733 1 2
733 2 2
733 3 2
734 1 1
734 2 1
734 3 1
735 1 2
735 2 2
735 3 2
736 1 1
736 2 1
736 3 1
737 1 2
737 2 2
737 3 2
738 1 2
738 2 2
738 3 2
739 1 2
739 2 2
739 3 2
740 1 2
740 2 2
740 3 2
741 1 1
741 2 1
741 3 1
742 1 1
742 2 1
742 3 1
743 1 2
743 2 2
743 3 2
744 1 1
744 2 1
744 3 1
745 1 2
745 2 2
745 3 2
746 1 1
746 2 1
746 3 1
747 1 2
747 2 2
747 3 2
748 1 1
748 2 1
748 3 1
749 1 2
749 2 2
749 3 2
750 1 2
750 2 2
750 3 2
751 1 1
751 2 1
751 3 1
752 1 1
752 2 1
752 3 1
753 1 1
753 2 1
753 3 1
754 1 2
754 2 2
754 3 2
755 1 2
755 2 2
755 3 2
756 1 1
756 2 1
756 3 1
757 1 1
757 2 1
757 3 1
758 1 1
758 2 1
758 3 1
759 1 1
759 2 1
759 3 1
760 1 2
760 2 2
760 3 2
761 1 2
761 2 2
761 3 2
762 1 1
762 2 1
762 3 1
763 1 1
763 2 1
763 3 1
764 1 1
764 2 1
764 3 1
765 1 1
765 2 1
765 3 1
766 1 2
766 2 2
766 3 2
767 1 2
767 2 2
767 3 2
768 1 2
768 2 2
768 3 2
769 1 2
769 2 2
769 3 2
770 1 2
770 2 2
770 3 2
771 1 2
771 2 2
771 3 2
772 1 1
772 2 1
772 3 1
773 1 2
773 2 2
773 3 2
774 1 1
774 2 1
774 3 1
775 1 2
775 2 2
775 3 2
776 1 2
776 2 2
776 3 2
777 1 2
777 2 2
777 3 2
778 1 2
778 2 2
778 3 2
779 1 2
779 2 2
779 3 2
780 1 2
780 2 2
780 3 2
781 1 2
781 2 2
781 3 2
782 1 2
782 2 2
782 3 2
783 1 1
783 2 1
783 3 1
784 1 2
784 2 2
784 3 2
785 1 1
785 2 1
785 3 1
786 1 2
786 2 2
786 3 2
787 1 1
787 2 1
787 3 1
788 1 2
788 2 2
788 3 2
789 1 2
789 2 2
789 3 2
790 1 2
790 2 2
790 3 2
791 1 1
791 2 1
791 3 1
792 1 2
792 2 2
792 3 2
793 1 2
793 2 2
793 3 2
794 1 2
794 2 2
794 3 2
795 1 1
795 2 1
795 3 1
796 1 2
796 2 2
796 3 2
797 1 2
797 2 2
797 3 2
798 1 2
798 2 2
798 3 2
799 1 2
799 2 2
799 3 2
800 1 1
800 2 1
800 3 1
801 1 1
801 2 1
801 3 1
802 1 2
802 2 2
802 3 2
803 1 2
803 2 2
803 3 2
804 1 1
804 2 1
804 3 1
805 1 1
805 2 1
805 3 1
806 1 1
806 2 1
806 3 1
807 1 2
807 2 1
807 3 2
808 1 2
808 2 2
808 3 2
809 1 2
809 2 2
809 3 2
810 1 1
810 2 1
810 3 1
811 1 1
811 2 1
811 3 1
812 1 1
812 2 1
812 3 1
813 1 1
813 2 1
813 3 1
814 1 2
814 2 2
814 3 2
815 1 1
815 2 1
815 3 1
816 1 1
816 2 1
816 3 1
817 1 1
817 2 1
817 3 1
818 1 1
818 2 1
818 3 1
819 1 2
819 2 2
819 3 2
820 1 2
820 2 2
820 3 2
821 1 1
821 2 1
821 3 1
822 1 1
822 2 1
822 3 1
823 1 2
823 2 2
823 3 2
824 1 2
824 2 2
824 3 2
825 1 2
825 2 2
825 3 2
826 1 1
826 2 1
826 3 1
827 1 1
827 2 1
827 3 1
828 1 2
828 2 2
828 3 2
829 1 1
829 2 1
829 3 1
830 1 2
830 2 2
830 3 2
831 1 2
831 2 2
831 3 2
832 1 1
832 2 1
832 3 1
833 1 1
833 2 1
833 3 1
834 1 2
834 2 2
834 3 2
835 1 2
835 2 2
835 3 2
836 1 1
836 2 1
836 3 1
837 1 1
837 2 2
837 3 1
838 1 2
838 2 2
838 3 2
839 1 1
839 2 1
839 3 1
840 1 1
840 2 1
840 3 1
841 1 2
841 2 2
841 3 2
842 1 2
842 2 2
842 3 2
843 1 1
843 2 1
843 3 1
844 1 2
844 2 2
844 3 2
845 1 2
845 2 2
845 3 2
846 1 1
846 2 1
846 3 1
847 1 2
847 2 2
847 3 2
848 1 2
848 2 2
848 3 2
849 1 2
849 2 2
849 3 2
850 1 2
850 2 2
850 3 2
851 1 1
851 2 1
851 3 1
852 1 2
852 2 2
852 3 2
853 1 2
853 2 2
853 3 2
854 1 2
854 2 2
854 3 2
855 1 2
855 2 2
855 3 2
856 1 1
856 2 1
856 3 1
857 1 1
857 2 1
857 3 1
858 1 2
858 2 2
858 3 2
859 1 2
859 2 2
859 3 2
860 1 2
860 2 2
860 3 2
861 1 2
861 2 2
861 3 2
862 1 2
862 2 2
862 3 2
863 1 2
863 2 2
863 3 2
864 1 1
864 2 2
864 3 1
865 1 1
865 2 1
865 3 1
866 1 2
866 2 2
866 3 2
867 1 2
867 2 2
867 3 2
868 1 1
868 2 1
868 3 1
869 1 1
869 2 1
869 3 1
870 1 1
870 2 1
870 3 1
871 1 2
871 2 2
871 3 2
872 1 2
872 2 2
872 3 2
873 1 2
873 2 2
873 3 2
874 1 1
874 2 1
874 3 1
875 1 2
875 2 2
875 3 2
876 1 2
876 2 1
876 3 2
877 1 1
877 2 1
877 3 1
878 1 2
878 2 2
878 3 2
879 1 2
879 2 2
879 3 2
880 1 1
880 2 1
880 3 1
881 1 2
881 2 2
881 3 2
882 1 1
882 2 1
882 3 1
883 1 2
883 2 2
883 3 2
884 1 1
884 2 1
884 3 1
885 1 1
885 2 1
885 3 1
886 1 1
886 2 1
886 3 1
887 1 2
887 2 2
887 3 2
888 1 1
888 2 1
888 3 1
889 1 1
889 2 1
889 3 1
890 1 2
890 2 2
890 3 2
891 1 1
891 2 1
891 3 1
892 1 1
892 2 1
892 3 1
893 1 1
893 2 1
893 3 1
894 1 1
894 2 1
894 3 1
895 1 2
895 2 2
895 3 2
896 1 2
896 2 2
896 3 2
897 1 1
897 2 1
897 3 1
898 1 2
898 2 2
898 3 2
899 1 2
899 2 2
899 3 2
900 1 1
900 2 1
900 3 1
901 1 2
901 2 2
901 3 2
902 1 2
902 2 2
902 3 2
903 1 1
903 2 1
903 3 1
904 1 1
904 2 1
904 3 1
905 1 1
905 2 1
905 3 1
906 1 1
906 2 1
906 3 1
907 1 2
907 2 2
907 3 2
908 1 1
908 2 1
908 3 1
909 1 1
909 2 1
909 3 1
910 1 2
910 2 2
910 3 2
911 1 2
911 2 2
911 3 2
912 1 2
912 2 2
912 3 2
913 1 2
913 2 2
913 3 2
914 1 1
914 2 1
914 3 1
915 1 1
915 2 1
915 3 1
916 1 1
916 2 1
916 3 1
917 1 1
917 2 1
917 3 1
918 1 1
918 2 1
918 3 1
919 1 1
919 2 1
919 3 1
920 1 1
920 2 1
920 3 1
921 1 1
921 2 1
921 3 1
922 1 1
922 2 1
922 3 1
923 1 1
923 2 1
923 3 1
924 1 2
924 2 2
924 3 2
925 1 2
925 2 2
925 3 2
926 1 1
926 2 1
926 3 1
927 1 1
927 2 1
927 3 1
928 1 2
928 2 2
928 3 2
929 1 1
929 2 1
929 3 1
930 1 2
930 2 2
930 3 2
931 1 1
931 2 1
931 3 1
932 1 1
932 2 1
932 3 1
933 1 1
933 2 1
933 3 1
934 1 2
934 2 2
934 3 2
935 1 2
935 2 2
935 3 2
936 1 2
936 2 2
936 3 2
937 1 1
937 2 1
937 3 1
938 1 2
938 2 2
938 3 2
939 1 1
939 2 1
939 3 1
940 1 1
940 2 1
940 3 1
941 1 1
941 2 1
941 3 1
942 1 1
942 2 1
942 3 1
943 1 1
943 2 2
943 3 1
944 1 1
944 2 1
944 3 1
945 1 2
945 2 2
945 3 2
946 1 1
946 2 1
946 3 1
947 1 2
947 2 2
947 3 2
948 1 1
948 2 1
948 3 1
949 1 2
949 2 2
949 3 2
950 1 2
950 2 2
950 3 2
951 1 1
951 2 1
951 3 1
952 1 1
952 2 1
952 3 1
953 1 1
953 2 1
953 3 1
954 1 1
954 2 1
954 3 1
955 1 1
955 2 1
955 3 1
956 1 2
956 2 2
956 3 2
957 1 2
957 2 2
957 3 2
958 1 1
958 2 1
958 3 1
959 1 2
959 2 2
959 3 2
