1 2.0
2 2.0
3 2.0
4 2.0
5 2.0
6 2.0
7 2.0
8 2.0
9 2.0
10 2.0
11 1.0
12 1.0
13 2.0
14 1.0
15 1.0
16 1.0
17 1.0
18 1.0
19 1.0
20 1.0
21 2.0
22 1.0
23 1.0
24 1.0
25 2.0
26 1.0
27 2.0
28 1.0
29 1.0
30 2.0
31 1.0
32 1.0
33 1.0
34 1.0
35 1.0
36 2.0
37 1.0
38 2.0
39 2.0
40 2.0
41 1.0
42 1.0
43 1.0
44 2.0
45 2.0
46 2.0
47 1.0
48 1.0
49 2.0
50 2.0
51 2.0
52 1.0
53 1.0
54 2.0
55 1.0
56 2.0
57 1.0
58 2.0
59 2.0
60 1.0
61 1.0
62 2.0
63 1.0
64 1.0
65 1.0
66 2.0
67 1.0
68 1.0
69 1.0
70 1.0
71 1.0
72 1.0
73 1.0
74 2.0
75 1.0
76 2.0
77 1.0
78 2.0
79 2.0
80 1.0
81 2.0
82 1.0
83 1.0
84 2.0
85 2.0
86 2.0
87 2.0
88 2.0
89 2.0
90 2.0
91 2.0
92 2.0
93 1.0
94 1.0
95 1.0
96 2.0
97 2.0
98 2.0
99 1.0
100 1.0
101 1.0
102 1.0
103 2.0
104 1.0
105 2.0
106 2.0
107 2.0
108 2.0
109 1.0
110 1.0
111 2.0
112 2.0
113 1.0
114 1.0
115 1.0
116 2.0
117 2.0
118 1.0
119 2.0
120 2.0
121 2.0
122 1.0
123 2.0
124 2.0
125 1.0
126 1.0
127 1.0
128 2.0
129 2.0
130 1.0
131 1.0
132 1.0
133 2.0
134 1.0
135 2.0
136 2.0
137 2.0
138 1.0
139 2.0
140 2.0
141 2.0
142 1.0
143 1.0
144 1.0
145 2.0
146 2.0
147 2.0
148 1.0
149 2.0
150 2.0
151 2.0
152 1.0
153 2.0
154 1.0
155 2.0
156 2.0
157 1.0
158 2.0
159 1.0
160 1.0
161 2.0
162 2.0
163 1.0
164 1.0
165 1.0
166 1.0
167 1.0
168 2.0
169 2.0
170 2.0
171 1.0
172 2.0
173 2.0
174 2.0
175 2.0
176 1.0
177 1.0
178 1.0
179 2.0
180 1.0
181 1.0
182 2.0
183 2.0
184 1.0
185 2.0
186 1.0
187 2.0
188 2.0
189 2.0
190 2.0
191 2.0
192 2.0
193 1.0
194 2.0
195 2.0
196 2.0
197 2.0
198 1.0
199 2.0
200 1.0
201 1.0
202 1.0
203 2.0
204 1.0
205 2.0
206 1.0
207 1.0
208 1.0
209 1.0
210 1.0
211 1.0
212 2.0
213 2.0
214 1.0
215 1.0
216 2.0
217 2.0
218 1.0
219 1.0
220 1.0
221 2.0
222 2.0
223 1.0
224 1.0
225 2.0
226 2.0
227 2.0
228 2.0
229 1.0
230 2.0
231 2.0
232 2.0
233 2.0
234 1.0
235 2.0
236 2.0
237 1.0
238 1.0
239 2.0
240 1.0
241 2.0
242 1.0
243 1.0
244 2.0
245 1.0
246 2.0
247 1.0
248 1.0
249 1.0
250 2.0
251 2.0
252 2.0
253 2.0
254 1.0
255 1.0
256 1.0
257 1.0
258 2.0
259 1.0
260 2.0
261 1.0
262 1.0
263 1.0
264 1.0
265 1.0
266 1.0
267 2.0
268 1.0
269 1.0
270 1.0
271 2.0
272 1.0
273 2.0
274 1.0
275 2.0
276 1.0
277 2.0
278 1.0
279 1.0
280 1.0
281 2.0
282 1.0
283 1.0
284 2.0
285 1.0
286 1.0
287 2.0
288 2.0
289 2.0
290 1.0
291 2.0
292 2.0
293 1.0
294 2.0
295 1.0
296 1.0
297 2.0
298 1.0
299 1.0
300 2.0
301 2.0
302 1.0
303 2.0
304 2.0
305 1.0
306 2.0
307 1.0
308 1.0
309 2.0
310 1.0
311 2.0
312 2.0
313 2.0
314 2.0
315 2.0
316 1.0
317 2.0
318 1.0
319 2.0
320 1.0
321 1.0
322 1.0
323 2.0
324 1.0
325 2.0
326 2.0
327 2.0
328 2.0
329 1.0
330 2.0
331 1.0
332 2.0
333 2.0
334 2.0
335 2.0
336 1.0
337 1.0
338 2.0
339 1.0
340 1.0
341 1.0
342 2.0
343 2.0
344 1.0
345 1.0
346 2.0
347 2.0
348 1.0
349 2.0
350 2.0
351 1.0
352 1.0
353 1.0
354 2.0
355 1.0
356 1.0
357 2.0
358 2.0
359 2.0
360 1.0
361 2.0
362 1.0
363 2.0
364 2.0
365 2.0
366 1.0
367 2.0
368 2.0
369 1.0
370 1.0
371 2.0
372 2.0
373 1.0
374 1.0
375 1.0
376 1.0
377 2.0
378 1.0
379 2.0
380 1.0
381 1.0
382 2.0
383 2.0
384 1.0
385 2.0
386 1.0
387 1.0
388 1.0
389 1.0
390 2.0
391 1.0
392 2.0
393 1.0
394 1.0
395 1.0
396 2.0
397 2.0
398 2.0
399 1.0
400 2.0
401 2.0
402 2.0
403 2.0
404 2.0
405 2.0
406 1.0
407 1.0
408 2.0
409 2.0
410 2.0
411 2.0
412 1.0
413 1.0
414 2.0
415 2.0
416 2.0
417 1.0
418 2.0
419 1.0
420 1.0
421 2.0
422 2.0
423 2.0
424 1.0
425 1.0
426 1.0
427 1.0
428 1.0
429 2.0
430 1.0
431 2.0
432 2.0
433 2.0
434 2.0
435 1.0
436 1.0
437 1.0
438 2.0
439 2.0
440 2.0
441 1.0
442 2.0
443 1.0
444 1.0
445 2.0
446 1.0
447 2.0
448 2.0
449 2.0
450 2.0
451 2.0
452 2.0
453 2.0
454 2.0
455 2.0
456 1.0
457 1.0
458 2.0
459 2.0
460 2.0
461 1.0
462 2.0
463 1.0
464 2.0
465 2.0
466 2.0
467 1.0
468 1.0
469 1.0
470 1.0
471 2.0
472 1.0
473 2.0
474 1.0
475 1.0
476 1.0
477 2.0
478 2.0
479 1.0
480 1.0
481 2.0
482 2.0
483 1.0
484 2.0
485 2.0
486 1.0
487 2.0
488 2.0
489 1.0
490 2.0
491 1.0
492 2.0
493 1.0
494 1.0
495 2.0
496 1.0
497 2.0
498 2.0
499 1.0
500 1.0
501 2.0
502 1.0
503 1.0
504 1.0
505 2.0
506 2.0
507 2.0
508 2.0
509 2.0
510 1.0
511 2.0
512 2.0
513 1.0
514 2.0
515 2.0
516 1.0
517 2.0
518 1.0
519 2.0
520 2.0
521 2.0
522 2.0
523 2.0
524 1.0
525 1.0
526 1.0
527 2.0
528 2.0
529 1.0
530 2.0
531 2.0
532 2.0
533 1.0
534 1.0
535 1.0
536 1.0
537 1.0
538 1.0
539 2.0
540 2.0
541 2.0
542 2.0
543 1.0
544 1.0
545 1.0
546 1.0
547 1.0
548 1.0
549 2.0
550 1.0
551 1.0
552 2.0
553 2.0
554 1.0
555 2.0
556 1.0
557 2.0
558 2.0
559 2.0
560 1.0
561 1.0
562 1.0
563 1.0
564 1.0
565 1.0
566 2.0
567 2.0
568 1.0
569 2.0
570 2.0
571 1.0
572 2.0
573 1.0
574 1.0
575 2.0
576 1.0
577 2.0
578 1.0
579 1.0
580 2.0
581 2.0
582 2.0
583 2.0
584 2.0
585 2.0
586 2.0
587 1.0
588 2.0
589 1.0
590 1.0
591 1.0
592 2.0
593 1.0
594 2.0
595 1.0
596 1.0
597 1.0
598 2.0
599 2.0
600 1.0
601 1.0
602 1.0
603 1.0
604 2.0
605 1.0
606 2.0
607 1.0
608 2.0
609 2.0
610 1.0
611 1.0
612 2.0
613 1.0
614 2.0
615 1.0
616 1.0
617 1.0
618 1.0
619 1.0
620 2.0
621 2.0
622 2.0
623 2.0
624 2.0
625 2.0
626 1.0
627 2.0
628 1.0
629 2.0
630 1.0
631 1.0
632 2.0
633 2.0
634 2.0
635 2.0
636 1.0
637 2.0
638 1.0
639 2.0
640 1.0
641 2.0
642 1.0
643 1.0
644 1.0
645 1.0
646 2.0
647 1.0
648 2.0
649 1.0
650 2.0
651 2.0
652 2.0
653 2.0
654 1.0
655 1.0
656 1.0
657 1.0
658 1.0
659 2.0
660 2.0
661 2.0
662 2.0
663 2.0
664 2.0
665 2.0
666 1.0
667 2.0
668 1.0
669 1.0
670 2.0
671 2.0
672 1.0
673 2.0
674 2.0
675 2.0
676 2.0
677 1.0
678 2.0
679 2.0
680 2.0
681 2.0
682 2.0
683 2.0
684 1.0
685 1.0
686 2.0
687 2.0
688 1.0
689 2.0
690 2.0
691 2.0
692 2.0
693 1.0
694 1.0
695 2.0
696 1.0
697 1.0
698 1.0
699 2.0
700 1.0
701 2.0
702 1.0
703 1.0
704 2.0
705 1.0
706 1.0
707 2.0
708 1.0
709 1.0
710 2.0
711 1.0
712 1.0
713 2.0
714 1.0
715 2.0
716 2.0
717 1.0
718 2.0
719 2.0
720 2.0
721 2.0
722 2.0
723 2.0
724 2.0
725 2.0
726 2.0
727 2.0
728 2.0
729 2.0
730 1.0
731 1.0
732 1.0
733 2.0
734 1.0
735 2.0
736 1.0
737 2.0
738 2.0
739 2.0
740 2.0
741 1.0
742 1.0
743 2.0
744 1.0
745 2.0
746 1.0
747 2.0
748 1.0
749 2.0
750 2.0
751 1.0
752 1.0
753 1.0
754 2.0
755 2.0
756 1.0
757 1.0
758 1.0
759 1.0
760 2.0
761 2.0
762 1.0
763 1.0
764 1.0
765 1.0
766 2.0
767 2.0
768 2.0
769 2.0
770 2.0
771 2.0
772 1.0
773 2.0
774 1.0
775 2.0
776 2.0
777 2.0
778 2.0
779 2.0
780 2.0
781 2.0
782 2.0
783 1.0
784 2.0
785 1.0
786 2.0
787 1.0
788 2.0
789 2.0
790 2.0
791 1.0
792 2.0
793 2.0
794 2.0
795 1.0
796 2.0
797 2.0
798 2.0
799 2.0
800 1.0
801 1.0
802 2.0
803 2.0
804 1.0
805 1.0
806 1.0
807 1.0
808 2.0
809 2.0
810 1.0
811 1.0
812 1.0
813 1.0
814 2.0
815 1.0
816 1.0
817 1.0
818 1.0
819 2.0
820 2.0
821 1.0
822 1.0
823 2.0
824 2.0
825 2.0
826 1.0
827 1.0
828 2.0
829 1.0
830 2.0
831 2.0
832 1.0
833 1.0
834 2.0
835 2.0
836 1.0
837 2.0
838 2.0
839 1.0
840 2.0
841 2.0
842 2.0
843 1.0
844 2.0
845 2.0
846 1.0
847 2.0
848 2.0
849 2.0
850 2.0
851 1.0
852 2.0
853 2.0
854 2.0
855 2.0
856 1.0
857 1.0
858 2.0
859 2.0
860 2.0
861 2.0
862 2.0
863 2.0
864 2.0
865 1.0
866 2.0
867 2.0
868 1.0
869 1.0
870 1.0
871 2.0
872 2.0
873 2.0
874 1.0
875 2.0
876 2.0
877 1.0
878 2.0
879 2.0
880 1.0
881 2.0
882 1.0
883 2.0
884 1.0
885 1.0
886 1.0
887 2.0
888 1.0
889 1.0
890 2.0
891 1.0
892 1.0
893 1.0
894 1.0
895 2.0
896 2.0
897 1.0
898 2.0
899 2.0
900 1.0
901 2.0
902 2.0
903 1.0
904 1.0
905 1.0
906 1.0
907 2.0
908 1.0
909 1.0
910 2.0
911 2.0
912 2.0
913 2.0
914 1.0
915 1.0
916 1.0
917 1.0
918 1.0
919 1.0
920 1.0
921 1.0
922 1.0
923 1.0
924 2.0
925 2.0
926 1.0
927 1.0
928 2.0
929 1.0
930 2.0
931 1.0
932 1.0
933 1.0
934 2.0
935 2.0
936 2.0
937 1.0
938 2.0
939 1.0
940 1.0
941 1.0
942 1.0
943 2.0
944 1.0
945 2.0
946 1.0
947 2.0
948 1.0
949 2.0
950 2.0
951 1.0
952 1.0
953 1.0
954 1.0
955 1.0
956 2.0
957 2.0
958 1.0
959 2.0
